t 2 194 112 128 -1 -1 1
t 34 194 112 128 -1 -1 1
t 66 194 112 128 -1 -1 1
t 98 194 112 128 -1 -1 1
t 130 194 112 128 -1 -1 1
t 162 194 112 128 -1 -1 1
t 194 194 112 128 -1 -1 1
t 226 194 112 128 -1 -1 1
t 258 194 112 128 -1 -1 1
t 290 194 112 128 -1 -1 1
t 322 194 112 128 -1 -1 1
t 354 194 112 128 -1 -1 1
t 386 194 112 128 -1 -1 1
t 418 194 112 128 -1 -1 1
t 450 194 112 128 -1 -1 1
t 482 194 112 128 -1 -1 1
t 514 194 112 128 -1 -1 1
t 546 194 112 128 -1 -1 1
t 578 194 112 128 -1 -1 1
t 610 194 112 128 -1 -1 1
t 642 194 112 128 -1 -1 1
t 674 194 112 128 -1 -1 1
t 706 194 112 128 -1 -1 1
t 738 194 112 128 -1 -1 1
t 770 194 112 128 -1 -1 1
t 802 194 112 128 -1 -1 1
t 834 194 112 128 -1 -1 1
t 866 194 112 128 -1 -1 1
t 898 194 112 128 -1 -1 1
t 930 194 112 128 -1 -1 1
t 962 194 112 128 -1 -1 1
t 994 194 112 128 -1 -1 1
t 1026 194 112 128 -1 -1 1
t 1058 194 112 128 -1 -1 1
t 1090 194 112 128 -1 -1 1
t 1122 194 112 128 -1 -1 1
t 1154 194 112 128 -1 -1 1
t 1186 194 112 128 -1 -1 1
t 1218 194 112 128 -1 -1 1
t 1250 194 112 128 -1 -1 1
t 1282 194 112 128 -1 -1 1
t 1314 194 112 128 -1 -1 1
t 1346 194 112 128 -1 -1 1
t 1378 194 112 128 -1 -1 1
t 2 226 128 16 -1 -1 1
t 34 226 16 80 -1 -1 0
t 66 226 16 80 -1 -1 0
t 98 226 16 80 -1 -1 0
t 130 226 0 272 -1 -1 1
t 162 226 224 128 -1 -1 1
t 194 226 224 80 -1 -1 0
t 226 226 224 80 -1 -1 0
t 258 226 224 80 -1 -1 0
t 290 226 224 80 -1 -1 0
t 322 226 224 80 -1 -1 0
t 354 226 224 80 -1 -1 0
t 386 226 224 80 -1 -1 0
t 418 226 16 0 -1 -1 0
t 450 226 112 272 -1 -1 0
t 482 226 112 272 -1 -1 0
t 514 226 112 272 -1 -1 0
t 546 226 112 272 -1 -1 0
t 578 226 112 272 -1 -1 0
t 610 226 112 272 -1 -1 0
t 642 226 16 0 -1 -1 0
t 674 226 16 0 -1 -1 0
t 706 226 16 0 -1 -1 0
t 738 226 16 0 -1 -1 0
t 770 226 16 0 -1 -1 0
t 802 226 16 0 -1 -1 0
t 834 226 16 0 -1 -1 0
t 866 226 16 0 -1 -1 0
t 898 226 16 0 -1 -1 0
t 930 226 16 0 -1 -1 0
t 962 226 16 0 -1 -1 0
t 994 226 16 0 -1 -1 0
t 1026 226 16 0 -1 -1 0
t 1058 226 16 0 -1 -1 0
t 1090 226 16 0 -1 -1 0
t 1122 226 16 0 -1 -1 0
t 1154 226 16 0 -1 -1 0
t 1186 226 16 0 -1 -1 0
t 1218 226 16 0 -1 -1 0
t 1250 226 16 0 -1 -1 0
t 1282 226 16 0 -1 -1 0
t 1314 226 16 0 -1 -1 0
t 1346 226 16 0 -1 -1 0
t 1378 226 192 224 -1 -1 1
t 1410 226 144 0 -1 -1 0
t 1442 226 144 0 -1 -1 0
t 1474 226 144 0 -1 -1 0
t 1506 226 144 0 -1 -1 0
t 1538 226 144 0 -1 -1 0
t 1570 226 144 0 -1 -1 0
t 1602 226 144 0 -1 -1 0
t 1634 226 144 0 -1 -1 0
t 1666 226 144 0 -1 -1 0
t 1698 226 144 0 -1 -1 0
t 1730 226 144 0 -1 -1 0
t 1762 226 144 0 -1 -1 0
t 1794 226 144 0 -1 -1 0
t 1826 226 144 0 -1 -1 0
t 1858 226 144 0 -1 -1 0
t 1890 226 144 0 -1 -1 0
t 1922 226 144 0 -1 -1 0
t 1954 226 144 0 -1 -1 0
t 1986 226 144 0 -1 -1 0
t 2018 226 144 0 -1 -1 0
t 2050 226 144 0 -1 -1 0
t 2 258 128 32 -1 -1 1
t 34 258 16 80 144 352 0
t 66 258 16 80 -1 -1 0
t 98 258 16 80 -1 -1 0
t 130 258 0 272 -1 -1 1
t 162 258 224 128 -1 -1 1
t 194 258 16 0 -1 -1 0
t 226 258 16 0 -1 -1 0
t 258 258 16 0 -1 -1 0
t 290 258 16 0 -1 -1 0
t 322 258 224 80 -1 -1 0
t 354 258 224 80 -1 -1 0
t 386 258 224 80 -1 -1 0
t 418 258 224 80 -1 -1 0
t 450 258 16 0 -1 -1 0
t 482 258 112 272 -1 -1 0
t 514 258 112 272 -1 -1 0
t 546 258 112 272 -1 -1 0
t 578 258 112 272 -1 -1 0
t 610 258 112 272 -1 -1 0
t 642 258 16 0 -1 -1 0
t 674 258 16 0 -1 -1 0
t 706 258 16 0 -1 -1 0
t 738 258 16 0 -1 -1 0
t 770 258 16 0 -1 -1 0
t 802 258 240 16 -1 -1 1
t 834 258 256 16 -1 -1 1
t 866 258 272 96 -1 -1 0
t 898 258 272 16 -1 -1 1
t 930 258 16 0 -1 -1 0
t 962 258 16 0 -1 -1 0
t 994 258 16 0 -1 -1 0
t 1026 258 16 0 96 304 0
t 1058 258 16 0 112 304 0
t 1090 258 16 0 -1 -1 0
t 1122 258 16 0 -1 -1 0
t 1154 258 16 0 -1 -1 0
t 1186 258 16 0 -1 -1 0
t 1218 258 16 0 -1 -1 0
t 1250 258 16 0 96 304 0
t 1282 258 16 0 112 304 0
t 1314 258 16 0 -1 -1 0
t 1346 258 256 32 -1 -1 0
t 1378 258 192 224 -1 -1 1
t 1410 258 144 0 -1 -1 0
t 1442 258 144 0 -1 -1 0
t 1474 258 144 0 -1 -1 0
t 1506 258 144 0 -1 -1 0
t 1538 258 144 0 -1 -1 0
t 1570 258 144 0 -1 -1 0
t 1602 258 144 0 -1 -1 0
t 1634 258 144 0 -1 -1 0
t 1666 258 144 0 -1 -1 0
t 1698 258 144 0 -1 -1 0
t 1730 258 144 0 -1 -1 0
t 1762 258 144 0 -1 -1 0
t 1794 258 144 0 -1 -1 0
t 1826 258 144 0 -1 -1 0
t 1858 258 144 0 -1 -1 0
t 1890 258 144 0 -1 -1 0
t 1922 258 144 0 -1 -1 0
t 1954 258 144 0 -1 -1 0
t 1986 258 144 0 -1 -1 0
t 2018 258 144 0 -1 -1 0
t 2050 258 144 0 -1 -1 0
t 2 290 128 48 -1 -1 1
t 34 290 16 80 -1 -1 0
t 66 290 16 80 -1 -1 0
t 98 290 16 80 -1 -1 0
t 130 290 0 272 -1 -1 1
t 162 290 224 128 -1 -1 1
t 194 290 16 0 -1 -1 0
t 226 290 16 0 -1 -1 0
t 258 290 16 0 -1 -1 0
t 290 290 16 0 -1 -1 0
t 322 290 224 80 -1 -1 0
t 354 290 192 16 -1 -1 1
t 386 290 208 16 -1 -1 1
t 418 290 208 16 128 320 1
t 450 290 224 16 -1 -1 1
t 482 290 112 272 -1 -1 0
t 514 290 112 272 -1 -1 0
t 546 290 224 336 -1 -1 0
t 578 290 112 272 -1 -1 0
t 610 290 112 272 -1 -1 0
t 642 290 112 272 -1 -1 0
t 674 290 112 272 -1 -1 0
t 706 290 112 272 -1 -1 0
t 738 290 112 272 -1 -1 0
t 770 290 112 272 -1 -1 0
t 802 290 240 32 -1 -1 1
t 834 290 112 272 -1 -1 0
t 866 290 16 0 -1 -1 0
t 898 290 272 32 -1 -1 1
t 930 290 112 272 -1 -1 0
t 962 290 112 272 -1 -1 0
t 994 290 112 272 -1 -1 0
t 1026 290 16 0 96 320 0
t 1058 290 112 272 112 320 0
t 1090 290 112 272 -1 -1 0
t 1122 290 16 0 -1 -1 0
t 1154 290 224 336 -1 -1 0
t 1186 290 16 0 -1 -1 0
t 1218 290 16 0 -1 -1 0
t 1250 290 16 0 96 320 0
t 1282 290 16 0 112 320 0
t 1314 290 16 0 -1 -1 0
t 1346 290 256 32 -1 -1 0
t 1378 290 192 224 -1 -1 1
t 1410 290 144 0 -1 -1 0
t 1442 290 144 0 -1 -1 0
t 1474 290 144 0 -1 -1 0
t 1506 290 144 0 -1 -1 0
t 1538 290 144 0 -1 -1 0
t 1570 290 144 0 -1 -1 0
t 1602 290 144 0 -1 -1 0
t 1634 290 144 0 -1 -1 0
t 1666 290 144 0 -1 -1 0
t 1698 290 144 0 -1 -1 0
t 1730 290 144 0 -1 -1 0
t 1762 290 144 0 -1 -1 0
t 1794 290 144 0 -1 -1 0
t 1826 290 144 0 -1 -1 0
t 1858 290 144 0 -1 -1 0
t 1890 290 144 0 -1 -1 0
t 1922 290 144 0 -1 -1 0
t 1954 290 144 0 -1 -1 0
t 1986 290 144 0 -1 -1 0
t 2018 290 144 0 -1 -1 0
t 2050 290 144 0 -1 -1 0
t 2 322 16 80 -1 -1 1
t 34 322 16 80 -1 -1 0
t 66 322 16 80 -1 -1 0
t 98 322 16 80 -1 -1 0
t 130 322 0 272 -1 -1 1
t 162 322 224 128 -1 -1 1
t 194 322 16 0 -1 -1 0
t 226 322 16 0 -1 -1 0
t 258 322 16 0 -1 -1 0
t 290 322 16 0 -1 -1 0
t 322 322 16 0 -1 -1 0
t 354 322 192 32 -1 -1 1
t 386 322 224 80 -1 -1 0
t 418 322 224 80 128 336 0
t 450 322 224 32 -1 -1 1
t 482 322 112 272 -1 -1 0
t 514 322 112 272 -1 -1 0
t 546 322 112 272 -1 -1 0
t 578 322 112 272 -1 -1 0
t 610 322 112 272 96 304 0
t 642 322 112 272 112 304 0
t 674 322 112 272 -1 -1 0
t 706 322 112 272 -1 -1 0
t 738 322 112 272 -1 -1 0
t 770 322 224 80 -1 -1 0
t 802 322 240 32 -1 -1 1
t 834 322 224 80 -1 -1 0
t 866 322 224 80 -1 -1 0
t 898 322 272 32 -1 -1 1
t 930 322 256 272 -1 -1 0
t 962 322 256 272 -1 -1 0
t 994 322 112 272 -1 -1 0
t 1026 322 112 272 96 336 1
t 1058 322 112 272 112 336 1
t 1090 322 16 0 -1 -1 0
t 1122 322 16 0 -1 -1 0
t 1154 322 16 0 -1 -1 0
t 1186 322 16 0 -1 -1 0
t 1218 322 16 0 -1 -1 0
t 1250 322 16 0 96 336 1
t 1282 322 16 0 112 336 1
t 1314 322 16 0 -1 -1 0
t 1346 322 256 32 -1 -1 0
t 1378 322 192 224 -1 -1 1
t 1410 322 144 0 -1 -1 0
t 1442 322 144 0 -1 -1 0
t 1474 322 144 0 -1 -1 0
t 1506 322 144 0 -1 -1 0
t 1538 322 144 0 -1 -1 0
t 1570 322 144 0 -1 -1 0
t 1602 322 144 0 -1 -1 0
t 1634 322 144 0 -1 -1 0
t 1666 322 144 0 -1 -1 0
t 1698 322 144 0 -1 -1 0
t 1730 322 144 0 -1 -1 0
t 1762 322 144 0 -1 -1 0
t 1794 322 144 0 -1 -1 0
t 1826 322 144 0 -1 -1 0
t 1858 322 144 0 -1 -1 0
t 1890 322 144 0 -1 -1 0
t 1922 322 144 0 -1 -1 0
t 1954 322 144 0 -1 -1 0
t 1986 322 144 0 -1 -1 0
t 2018 322 144 0 -1 -1 0
t 2050 322 144 0 -1 -1 0
t 2 354 16 80 -1 -1 1
t 34 354 16 80 -1 -1 0
t 66 354 16 80 144 336 0
t 98 354 16 80 -1 -1 0
t 130 354 0 272 -1 -1 1
t 162 354 224 128 -1 -1 1
t 194 354 16 0 -1 -1 0
t 226 354 16 0 -1 -1 0
t 258 354 16 0 -1 -1 0
t 290 354 16 0 -1 -1 0
t 322 354 224 80 -1 -1 0
t 354 354 192 32 -1 -1 1
t 386 354 112 272 128 320 0
t 418 354 224 80 -1 -1 0
t 450 354 224 32 -1 -1 1
t 482 354 112 272 -1 -1 0
t 514 354 112 272 -1 -1 0
t 546 354 112 272 -1 -1 0
t 578 354 16 0 -1 -1 0
t 610 354 16 0 96 320 0
t 642 354 112 272 112 320 0
t 674 354 112 272 -1 -1 0
t 706 354 112 272 -1 -1 0
t 738 354 240 16 -1 -1 1
t 770 354 256 16 -1 -1 1
t 802 354 272 48 -1 -1 1
t 834 354 112 272 -1 -1 0
t 866 354 112 272 -1 -1 0
t 898 354 256 48 -1 -1 1
t 930 354 256 16 -1 -1 1
t 962 354 272 16 -1 -1 1
t 994 354 112 272 -1 -1 0
t 1026 354 112 272 -1 -1 0
t 1058 354 112 272 -1 -1 0
t 1090 354 16 0 -1 -1 0
t 1122 354 16 0 -1 -1 0
t 1154 354 16 0 -1 -1 0
t 1186 354 16 0 -1 -1 0
t 1218 354 16 0 -1 -1 0
t 1250 354 16 0 -1 -1 0
t 1282 354 16 0 -1 -1 0
t 1314 354 16 0 -1 -1 0
t 1346 354 224 80 -1 -1 0
t 1378 354 192 224 -1 -1 1
t 1410 354 144 0 -1 -1 0
t 1442 354 144 0 -1 -1 0
t 1474 354 144 0 -1 -1 0
t 1506 354 144 0 -1 -1 0
t 1538 354 144 0 -1 -1 0
t 1570 354 144 0 -1 -1 0
t 1602 354 144 0 -1 -1 0
t 1634 354 144 0 -1 -1 0
t 1666 354 144 0 -1 -1 0
t 1698 354 144 0 -1 -1 0
t 1730 354 144 0 -1 -1 0
t 1762 354 144 0 -1 -1 0
t 1794 354 144 0 -1 -1 0
t 1826 354 144 0 -1 -1 0
t 1858 354 144 0 -1 -1 0
t 1890 354 144 0 -1 -1 0
t 1922 354 144 0 -1 -1 0
t 1954 354 144 0 -1 -1 0
t 1986 354 144 0 -1 -1 0
t 2018 354 144 0 -1 -1 0
t 2050 354 144 0 -1 -1 0
t 2 386 16 80 -1 -1 1
t 34 386 16 80 -1 -1 0
t 66 386 16 80 -1 -1 0
t 98 386 16 80 -1 -1 0
t 130 386 0 272 -1 -1 1
t 162 386 224 128 -1 -1 1
t 194 386 16 0 -1 -1 0
t 226 386 16 0 -1 -1 0
t 258 386 16 0 -1 -1 0
t 290 386 16 0 -1 -1 0
t 322 386 112 272 -1 -1 0
t 354 386 192 32 -1 -1 1
t 386 386 112 272 128 336 0
t 418 386 112 272 -1 -1 0
t 450 386 224 32 -1 -1 1
t 482 386 112 272 -1 -1 0
t 514 386 112 272 -1 -1 0
t 546 386 112 272 -1 -1 0
t 578 386 112 272 -1 -1 0
t 610 386 112 272 96 336 1
t 642 386 112 272 112 336 1
t 674 386 112 272 -1 -1 0
t 706 386 112 272 -1 -1 0
t 738 386 240 32 -1 -1 1
t 770 386 112 272 -1 -1 0
t 802 386 112 272 -1 -1 0
t 834 386 112 272 -1 -1 0
t 866 386 112 272 -1 -1 0
t 898 386 112 272 -1 -1 0
t 930 386 112 272 -1 -1 0
t 962 386 272 32 -1 -1 1
t 994 386 112 272 -1 -1 0
t 1026 386 112 272 -1 -1 0
t 1058 386 16 0 -1 -1 0
t 1090 386 112 272 -1 -1 0
t 1122 386 16 0 -1 -1 0
t 1154 386 16 0 -1 -1 0
t 1186 386 16 0 -1 -1 0
t 1218 386 16 0 -1 -1 0
t 1250 386 16 0 -1 -1 0
t 1282 386 16 0 -1 -1 0
t 1314 386 16 0 -1 -1 0
t 1346 386 16 0 -1 -1 0
t 1378 386 192 144 -1 -1 1
t 1410 386 208 192 -1 -1 1
t 1442 386 272 112 -1 -1 1
t 1474 386 144 0 -1 -1 0
t 1506 386 144 0 -1 -1 0
t 1538 386 144 0 -1 -1 0
t 1570 386 144 0 -1 -1 0
t 1602 386 144 0 -1 -1 0
t 1634 386 144 0 -1 -1 0
t 1666 386 144 0 -1 -1 0
t 1698 386 144 0 -1 -1 0
t 1730 386 144 0 -1 -1 0
t 1762 386 144 0 -1 -1 0
t 1794 386 144 0 -1 -1 0
t 1826 386 144 0 -1 -1 0
t 1858 386 144 0 -1 -1 0
t 1890 386 144 0 -1 -1 0
t 1922 386 144 0 -1 -1 0
t 1954 386 144 0 -1 -1 0
t 1986 386 144 0 -1 -1 0
t 2018 386 144 0 -1 -1 0
t 2050 386 144 0 -1 -1 0
t 2 418 16 80 144 320 1
t 34 418 16 80 -1 -1 0
t 66 418 16 80 -1 -1 0
t 98 418 16 80 -1 -1 0
t 130 418 192 272 -1 -1 1
t 162 418 224 128 -1 -1 1
t 194 418 16 0 -1 -1 0
t 226 418 16 0 -1 -1 0
t 258 418 16 0 -1 -1 0
t 290 418 16 0 -1 -1 0
t 322 418 16 0 -1 -1 0
t 354 418 192 32 -1 -1 1
t 386 418 112 272 -1 -1 0
t 418 418 224 304 -1 -1 0
t 450 418 224 32 -1 -1 1
t 482 418 112 272 -1 -1 0
t 514 418 112 272 -1 -1 0
t 546 418 112 272 -1 -1 0
t 578 418 112 272 -1 -1 0
t 610 418 112 272 -1 -1 0
t 642 418 112 272 -1 -1 0
t 674 418 112 272 -1 -1 0
t 706 418 112 272 -1 -1 0
t 738 418 240 32 -1 -1 1
t 770 418 112 272 -1 -1 0
t 802 418 112 272 -1 -1 0
t 834 418 112 272 -1 -1 0
t 866 418 112 272 -1 -1 0
t 898 418 112 272 -1 -1 0
t 930 418 112 272 -1 -1 0
t 962 418 272 32 -1 -1 1
t 994 418 112 272 -1 -1 0
t 1026 418 112 272 -1 -1 0
t 1058 418 16 0 -1 -1 0
t 1090 418 112 272 -1 -1 0
t 1122 418 16 0 -1 -1 0
t 1154 418 16 0 -1 -1 0
t 1186 418 16 0 -1 -1 0
t 1218 418 16 0 -1 -1 0
t 1250 418 16 0 -1 -1 0
t 1282 418 16 0 -1 -1 0
t 1314 418 16 0 -1 -1 0
t 1346 418 16 0 -1 -1 0
t 1378 418 208 32 -1 -1 0
t 1410 418 224 80 -1 -1 0
t 1442 418 192 176 -1 -1 1
t 1474 418 144 0 -1 -1 0
t 1506 418 144 0 -1 -1 0
t 1538 418 144 0 -1 -1 0
t 1570 418 144 0 -1 -1 0
t 1602 418 144 0 -1 -1 0
t 1634 418 144 0 -1 -1 0
t 1666 418 144 0 -1 -1 0
t 1698 418 144 0 -1 -1 0
t 1730 418 144 0 -1 -1 0
t 1762 418 144 0 -1 -1 0
t 1794 418 144 0 -1 -1 0
t 1826 418 144 0 -1 -1 0
t 1858 418 144 0 -1 -1 0
t 1890 418 144 0 -1 -1 0
t 1922 418 144 0 -1 -1 0
t 1954 418 144 0 -1 -1 0
t 1986 418 144 0 -1 -1 0
t 2018 418 144 0 -1 -1 0
t 2050 418 144 0 -1 -1 0
t 2 450 16 80 -1 -1 1
t 34 450 16 80 -1 -1 0
t 66 450 0 16 -1 -1 0
t 98 450 16 16 -1 -1 0
t 130 450 192 240 -1 -1 1
t 162 450 224 144 -1 -1 1
t 194 450 224 64 -1 -1 1
t 226 450 240 64 -1 -1 1
t 258 450 16 0 -1 -1 0
t 290 450 16 0 -1 -1 0
t 322 450 16 0 -1 -1 0
t 354 450 192 48 -1 -1 1
t 386 450 256 16 -1 -1 1
t 418 450 256 16 -1 -1 1
t 450 450 224 48 -1 -1 1
t 482 450 112 272 -1 -1 0
t 514 450 112 272 -1 -1 0
t 546 450 112 272 -1 -1 0
t 578 450 112 272 -1 -1 0
t 610 450 112 272 -1 -1 0
t 642 450 112 272 -1 -1 0
t 674 450 112 272 -1 -1 0
t 706 450 112 272 -1 -1 0
t 738 450 240 32 -1 -1 1
t 770 450 112 272 -1 -1 0
t 802 450 112 272 -1 -1 0
t 834 450 224 320 -1 -1 0
t 866 450 112 272 -1 -1 0
t 898 450 112 272 -1 -1 0
t 930 450 112 272 -1 -1 0
t 962 450 272 32 -1 -1 1
t 994 450 256 272 -1 -1 0
t 1026 450 112 272 -1 -1 0
t 1058 450 112 272 -1 -1 0
t 1090 450 112 272 -1 -1 0
t 1122 450 16 0 -1 -1 0
t 1154 450 16 0 -1 -1 0
t 1186 450 16 0 -1 -1 0
t 1218 450 16 0 -1 -1 0
t 1250 450 16 0 -1 -1 0
t 1282 450 16 0 -1 -1 0
t 1314 450 16 0 -1 -1 0
t 1346 450 16 0 -1 -1 0
t 1378 450 208 32 -1 -1 0
t 1410 450 224 304 -1 -1 0
t 1442 450 192 176 -1 -1 1
t 1474 450 144 0 -1 -1 0
t 1506 450 144 0 -1 -1 0
t 1538 450 144 0 -1 -1 0
t 1570 450 144 0 -1 -1 0
t 1602 450 144 0 -1 -1 0
t 1634 450 144 0 -1 -1 0
t 1666 450 144 0 -1 -1 0
t 1698 450 144 0 -1 -1 0
t 1730 450 144 0 -1 -1 0
t 1762 450 144 0 -1 -1 0
t 1794 450 144 0 -1 -1 0
t 1826 450 144 0 -1 -1 0
t 1858 450 144 0 -1 -1 0
t 1890 450 144 0 -1 -1 0
t 1922 450 144 0 -1 -1 0
t 1954 450 144 0 -1 -1 0
t 1986 450 144 0 -1 -1 0
t 2018 450 144 0 -1 -1 0
t 2050 450 144 0 -1 -1 0
t 2 482 0 16 -1 -1 1
t 34 482 16 16 128 320 0
t 66 482 16 0 -1 -1 0
t 98 482 16 0 -1 -1 0
t 130 482 16 0 -1 -1 0
t 162 482 16 0 -1 -1 0
t 194 482 176 80 -1 -1 0
t 226 482 160 80 -1 -1 1
t 258 482 224 80 -1 -1 0
t 290 482 224 80 96 304 0
t 322 482 224 80 112 304 0
t 354 482 224 80 -1 -1 0
t 386 482 16 0 -1 -1 0
t 418 482 16 0 -1 -1 0
t 450 482 112 272 -1 -1 0
t 482 482 112 272 -1 -1 0
t 514 482 112 272 -1 -1 0
t 546 482 112 272 96 304 0
t 578 482 112 272 112 304 0
t 610 482 112 272 -1 -1 0
t 642 482 112 272 -1 -1 0
t 674 482 112 272 -1 -1 0
t 706 482 240 16 -1 -1 1
t 738 482 16 0 -1 -1 1
t 770 482 256 272 -1 -1 0
t 802 482 256 272 -1 -1 0
t 834 482 256 272 -1 -1 0
t 866 482 256 272 -1 -1 0
t 898 482 256 272 -1 -1 0
t 930 482 256 272 -1 -1 0
t 962 482 256 48 -1 -1 0
t 994 482 272 16 -1 -1 1
t 1026 482 112 272 -1 -1 0
t 1058 482 112 272 -1 -1 0
t 1090 482 112 272 -1 -1 0
t 1122 482 16 0 -1 -1 0
t 1154 482 112 272 -1 -1 0
t 1186 482 16 0 -1 -1 0
t 1218 482 16 0 -1 -1 0
t 1250 482 16 0 -1 -1 0
t 1282 482 16 0 -1 -1 0
t 1314 482 16 0 -1 -1 0
t 1346 482 16 0 -1 -1 0
t 1378 482 208 32 -1 -1 0
t 1410 482 224 80 -1 -1 0
t 1442 482 192 176 -1 -1 1
t 1474 482 144 0 -1 -1 0
t 1506 482 144 0 -1 -1 0
t 1538 482 144 0 -1 -1 0
t 1570 482 144 0 -1 -1 0
t 1602 482 144 0 -1 -1 0
t 1634 482 144 0 -1 -1 0
t 1666 482 144 0 -1 -1 0
t 1698 482 144 0 -1 -1 0
t 1730 482 144 0 -1 -1 0
t 1762 482 144 0 -1 -1 0
t 1794 482 144 0 -1 -1 0
t 1826 482 144 0 -1 -1 0
t 1858 482 144 0 -1 -1 0
t 1890 482 144 0 -1 -1 0
t 1922 482 144 0 -1 -1 0
t 1954 482 144 0 -1 -1 0
t 1986 482 144 0 -1 -1 0
t 2018 482 144 0 -1 -1 0
t 2050 482 144 0 -1 -1 0
t 2 514 80 32 -1 -1 0
t 34 514 16 0 128 336 1
t 66 514 16 0 -1 -1 0
t 98 514 16 0 -1 -1 0
t 130 514 256 272 -1 -1 0
t 162 514 16 0 -1 -1 0
t 194 514 176 80 -1 -1 0
t 226 514 160 80 -1 -1 1
t 258 514 224 80 -1 -1 0
t 290 514 16 0 96 320 0
t 322 514 16 0 112 320 0
t 354 514 256 272 -1 -1 0
t 386 514 16 0 -1 -1 0
t 418 514 16 0 -1 -1 0
t 450 514 16 0 -1 -1 0
t 482 514 112 272 -1 -1 0
t 514 514 112 272 -1 -1 0
t 546 514 112 272 96 320 0
t 578 514 16 0 112 320 0
t 610 514 112 272 -1 -1 0
t 642 514 112 272 -1 -1 0
t 674 514 112 272 -1 -1 0
t 706 514 240 32 -1 -1 1
t 738 514 112 272 -1 -1 0
t 770 514 112 272 -1 -1 0
t 802 514 112 272 -1 -1 0
t 834 514 224 320 -1 -1 0
t 866 514 112 272 -1 -1 0
t 898 514 112 272 -1 -1 1
t 930 514 112 272 -1 -1 1
t 962 514 256 32 -1 -1 1
t 994 514 272 32 -1 -1 1
t 1026 514 112 272 -1 -1 0
t 1058 514 112 272 96 304 0
t 1090 514 112 272 112 304 0
t 1122 514 112 272 -1 -1 0
t 1154 514 112 272 -1 -1 0
t 1186 514 16 0 -1 -1 0
t 1218 514 16 0 -1 -1 0
t 1250 514 16 0 -1 -1 0
t 1282 514 16 0 -1 -1 0
t 1314 514 16 0 -1 -1 0
t 1346 514 16 0 -1 -1 0
t 1378 514 192 112 -1 -1 1
t 1410 514 208 112 -1 -1 1
t 1442 514 272 240 -1 -1 1
t 1474 514 144 0 -1 -1 0
t 1506 514 144 0 -1 -1 0
t 1538 514 144 0 -1 -1 0
t 1570 514 144 0 -1 -1 0
t 1602 514 144 0 -1 -1 0
t 1634 514 144 0 -1 -1 0
t 1666 514 144 0 -1 -1 0
t 1698 514 144 0 -1 -1 0
t 1730 514 144 0 -1 -1 0
t 1762 514 144 0 -1 -1 0
t 1794 514 144 0 -1 -1 0
t 1826 514 144 0 -1 -1 0
t 1858 514 144 0 -1 -1 0
t 1890 514 144 0 -1 -1 0
t 1922 514 144 0 -1 -1 0
t 1954 514 144 0 -1 -1 0
t 1986 514 144 0 -1 -1 0
t 2018 514 144 0 -1 -1 0
t 2050 514 144 0 -1 -1 0
t 2 546 16 0 -1 -1 0
t 34 546 16 0 -1 -1 0
t 66 546 16 0 -1 -1 0
t 98 546 16 0 -1 -1 0
t 130 546 224 304 -1 -1 0
t 162 546 16 0 -1 -1 0
t 194 546 176 80 -1 -1 0
t 226 546 160 80 -1 -1 1
t 258 546 16 0 -1 -1 0
t 290 546 16 0 96 336 1
t 322 546 16 0 112 336 1
t 354 546 16 0 -1 -1 0
t 386 546 16 0 -1 -1 0
t 418 546 16 0 -1 -1 0
t 450 546 16 0 -1 -1 0
t 482 546 16 0 -1 -1 0
t 514 546 16 0 -1 -1 0
t 546 546 16 0 96 336 1
t 578 546 16 0 112 336 1
t 610 546 112 272 -1 -1 0
t 642 546 112 272 -1 -1 0
t 674 546 112 272 -1 -1 0
t 706 546 240 32 -1 -1 1
t 738 546 112 272 -1 -1 0
t 770 546 112 272 -1 -1 0
t 802 546 112 272 -1 -1 0
t 834 546 112 272 -1 -1 0
t 866 546 112 272 -1 -1 0
t 898 546 272 32 -1 -1 1
t 930 546 256 48 -1 -1 0
t 962 546 256 48 -1 -1 0
t 994 546 256 176 -1 -1 0
t 1026 546 112 272 -1 -1 0
t 1058 546 112 272 96 320 0
t 1090 546 112 272 112 320 0
t 1122 546 112 272 -1 -1 0
t 1154 546 112 272 -1 -1 0
t 1186 546 16 0 -1 -1 0
t 1218 546 16 0 -1 -1 0
t 1250 546 16 0 -1 -1 0
t 1282 546 16 0 -1 -1 0
t 1314 546 16 0 -1 -1 0
t 1346 546 16 0 -1 -1 0
t 1378 546 192 272 -1 -1 1
t 1410 546 144 0 -1 -1 0
t 1442 546 144 0 -1 -1 0
t 1474 546 144 0 -1 -1 0
t 1506 546 144 0 -1 -1 0
t 1538 546 144 0 -1 -1 0
t 1570 546 144 0 -1 -1 0
t 1602 546 144 0 -1 -1 0
t 1634 546 144 0 -1 -1 0
t 1666 546 144 0 -1 -1 0
t 1698 546 144 0 -1 -1 0
t 1730 546 144 0 -1 -1 0
t 1762 546 144 0 -1 -1 0
t 1794 546 144 0 -1 -1 0
t 1826 546 144 0 -1 -1 0
t 1858 546 144 0 -1 -1 0
t 1890 546 144 0 -1 -1 0
t 1922 546 144 0 -1 -1 0
t 1954 546 144 0 -1 -1 0
t 1986 546 144 0 -1 -1 0
t 2018 546 144 0 -1 -1 0
t 2050 546 144 0 -1 -1 0
t 2 578 16 0 -1 -1 0
t 34 578 16 0 -1 -1 0
t 66 578 16 0 -1 -1 0
t 98 578 16 0 -1 -1 0
t 130 578 16 0 -1 -1 0
t 162 578 16 0 -1 -1 0
t 194 578 256 272 -1 -1 0
t 226 578 160 96 -1 -1 1
t 258 578 176 96 -1 -1 1
t 290 578 16 0 -1 -1 0
t 322 578 16 0 -1 -1 0
t 354 578 16 0 -1 -1 0
t 386 578 16 0 -1 -1 0
t 418 578 16 0 -1 -1 0
t 450 578 16 0 -1 -1 0
t 482 578 16 0 -1 -1 0
t 514 578 16 0 -1 -1 0
t 546 578 16 0 -1 -1 0
t 578 578 16 0 -1 -1 0
t 610 578 112 272 -1 -1 0
t 642 578 112 272 -1 -1 0
t 674 578 112 272 -1 -1 0
t 706 578 240 32 -1 -1 1
t 738 578 16 0 -1 -1 1
t 770 578 16 0 -1 -1 1
t 802 578 16 0 -1 -1 1
t 834 578 16 0 -1 -1 1
t 866 578 112 272 -1 -1 1
t 898 578 272 32 -1 -1 1
t 930 578 208 32 -1 -1 0
t 962 578 208 32 -1 -1 0
t 994 578 112 272 128 320 0
t 1026 578 112 272 -1 -1 0
t 1058 578 112 272 96 336 1
t 1090 578 112 272 112 336 1
t 1122 578 112 272 -1 -1 0
t 1154 578 16 0 -1 -1 0
t 1186 578 16 0 -1 -1 0
t 1218 578 16 0 -1 -1 0
t 1250 578 16 0 -1 -1 0
t 1282 578 16 0 -1 -1 0
t 1314 578 16 0 -1 -1 0
t 1346 578 16 0 -1 -1 0
t 1378 578 192 272 -1 -1 1
t 1410 578 144 0 -1 -1 0
t 1442 578 144 0 -1 -1 0
t 1474 578 144 0 -1 -1 0
t 1506 578 144 0 -1 -1 0
t 1538 578 144 0 -1 -1 0
t 1570 578 144 0 -1 -1 0
t 1602 578 144 0 -1 -1 0
t 1634 578 144 0 -1 -1 0
t 1666 578 144 0 -1 -1 0
t 1698 578 144 0 -1 -1 0
t 1730 578 144 0 -1 -1 0
t 1762 578 144 0 -1 -1 0
t 1794 578 144 0 -1 -1 0
t 1826 578 144 0 -1 -1 0
t 1858 578 144 0 -1 -1 0
t 1890 578 144 0 -1 -1 0
t 1922 578 144 0 -1 -1 0
t 1954 578 144 0 -1 -1 0
t 1986 578 144 0 -1 -1 0
t 2018 578 144 0 -1 -1 0
t 2050 578 144 0 -1 -1 0
t 2 610 16 0 -1 -1 0
t 34 610 16 0 -1 -1 0
t 66 610 16 0 -1 -1 0
t 98 610 16 0 -1 -1 0
t 130 610 16 0 -1 -1 0
t 162 610 16 0 -1 -1 0
t 194 610 288 96 -1 -1 0
t 226 610 16 0 -1 -1 0
t 258 610 16 0 -1 -1 0
t 290 610 16 0 -1 -1 0
t 322 610 16 0 -1 -1 0
t 354 610 16 0 -1 -1 0
t 386 610 16 0 -1 -1 0
t 418 610 16 0 -1 -1 0
t 450 610 16 0 -1 -1 0
t 482 610 16 0 -1 -1 0
t 514 610 16 0 -1 -1 0
t 546 610 16 0 -1 -1 0
t 578 610 112 272 -1 -1 0
t 610 610 112 272 -1 -1 0
t 642 610 112 272 -1 -1 0
t 674 610 112 272 -1 -1 0
t 706 610 256 48 -1 -1 0
t 738 610 256 48 -1 -1 0
t 770 610 256 48 -1 -1 0
t 802 610 256 48 -1 -1 0
t 834 610 256 48 -1 -1 0
t 866 610 256 48 -1 -1 0
t 898 610 256 48 -1 -1 0
t 930 610 112 272 -1 -1 0
t 962 610 112 272 -1 -1 0
t 994 610 112 272 128 336 1
t 1026 610 112 272 -1 -1 0
t 1058 610 112 272 -1 -1 0
t 1090 610 112 272 -1 -1 0
t 1122 610 112 272 -1 -1 0
t 1154 610 16 0 -1 -1 0
t 1186 610 16 0 -1 -1 0
t 1218 610 16 0 -1 -1 0
t 1250 610 224 336 -1 -1 0
t 1282 610 16 0 -1 -1 0
t 1314 610 16 0 -1 -1 0
t 1346 610 224 80 -1 -1 0
t 1378 610 192 272 -1 -1 1
t 1410 610 144 0 -1 -1 0
t 1442 610 144 0 -1 -1 0
t 1474 610 144 0 -1 -1 0
t 1506 610 144 0 -1 -1 0
t 1538 610 144 0 -1 -1 0
t 1570 610 144 0 -1 -1 0
t 1602 610 144 0 -1 -1 0
t 1634 610 144 0 -1 -1 0
t 1666 610 144 0 -1 -1 0
t 1698 610 144 0 -1 -1 0
t 1730 610 144 0 -1 -1 0
t 1762 610 144 0 -1 -1 0
t 1794 610 144 0 -1 -1 0
t 1826 610 144 0 -1 -1 0
t 1858 610 144 0 -1 -1 0
t 1890 610 144 0 -1 -1 0
t 1922 610 144 0 -1 -1 0
t 1954 610 144 0 -1 -1 0
t 1986 610 144 0 -1 -1 0
t 2018 610 144 0 -1 -1 0
t 2050 610 144 0 -1 -1 0
t 2 642 16 0 -1 -1 0
t 34 642 16 0 -1 -1 0
t 66 642 16 0 -1 -1 0
t 98 642 16 0 -1 -1 0
t 130 642 16 0 -1 -1 0
t 162 642 16 0 -1 -1 0
t 194 642 288 96 -1 -1 0
t 226 642 16 0 -1 -1 0
t 258 642 16 0 -1 -1 0
t 290 642 16 0 -1 -1 0
t 322 642 16 0 -1 -1 0
t 354 642 16 0 -1 -1 0
t 386 642 16 0 -1 -1 0
t 418 642 16 0 -1 -1 0
t 450 642 16 0 -1 -1 0
t 482 642 16 0 -1 -1 0
t 514 642 16 0 -1 -1 0
t 546 642 16 0 -1 -1 0
t 578 642 112 272 -1 -1 0
t 610 642 16 0 -1 -1 0
t 642 642 112 272 -1 -1 0
t 674 642 112 272 -1 -1 0
t 706 642 112 272 -1 -1 0
t 738 642 112 272 -1 -1 0
t 770 642 112 272 -1 -1 0
t 802 642 112 272 -1 -1 0
t 834 642 112 272 -1 -1 0
t 866 642 112 272 -1 -1 0
t 898 642 112 272 -1 -1 0
t 930 642 112 272 -1 -1 0
t 962 642 16 0 -1 -1 0
t 994 642 112 272 -1 -1 0
t 1026 642 112 272 -1 -1 0
t 1058 642 112 272 -1 -1 0
t 1090 642 112 272 -1 -1 0
t 1122 642 16 0 -1 -1 0
t 1154 642 16 0 -1 -1 0
t 1186 642 16 0 -1 -1 0
t 1218 642 16 0 -1 -1 0
t 1250 642 16 0 -1 -1 0
t 1282 642 16 0 -1 -1 0
t 1314 642 16 0 -1 -1 0
t 1346 642 224 80 -1 -1 0
t 1378 642 192 272 -1 -1 1
t 1410 642 144 0 -1 -1 0
t 1442 642 144 0 -1 -1 0
t 1474 642 144 0 -1 -1 0
t 1506 642 144 0 -1 -1 0
t 1538 642 144 0 -1 -1 0
t 1570 642 144 0 -1 -1 0
t 1602 642 144 0 -1 -1 0
t 1634 642 144 0 -1 -1 0
t 1666 642 144 0 -1 -1 0
t 1698 642 144 0 -1 -1 0
t 1730 642 144 0 -1 -1 0
t 1762 642 144 0 -1 -1 0
t 1794 642 144 0 -1 -1 0
t 1826 642 144 0 -1 -1 0
t 1858 642 144 0 -1 -1 0
t 1890 642 144 0 -1 -1 0
t 1922 642 144 0 -1 -1 0
t 1954 642 144 0 -1 -1 0
t 1986 642 144 0 -1 -1 0
t 2018 642 144 0 -1 -1 0
t 2050 642 144 0 -1 -1 0
t 2 674 16 0 -1 -1 0
t 34 674 16 0 -1 -1 0
t 66 674 16 0 -1 -1 0
t 98 674 16 0 -1 -1 0
t 130 674 16 0 -1 -1 0
t 162 674 16 0 -1 -1 0
t 194 674 256 272 -1 -1 0
t 226 674 160 64 -1 -1 1
t 258 674 176 64 -1 -1 1
t 290 674 16 0 -1 -1 0
t 322 674 16 0 -1 -1 0
t 354 674 16 0 -1 -1 0
t 386 674 16 0 -1 -1 0
t 418 674 16 0 -1 -1 0
t 450 674 16 0 -1 -1 0
t 482 674 16 0 -1 -1 0
t 514 674 16 0 -1 -1 0
t 546 674 16 0 -1 -1 0
t 578 674 112 272 -1 -1 0
t 610 674 112 272 -1 -1 0
t 642 674 112 272 -1 -1 0
t 674 674 112 272 -1 -1 0
t 706 674 112 272 -1 -1 0
t 738 674 112 272 -1 -1 0
t 770 674 112 272 -1 -1 0
t 802 674 112 272 -1 -1 0
t 834 674 112 272 -1 -1 0
t 866 674 112 272 -1 -1 0
t 898 674 112 272 -1 -1 0
t 930 674 112 272 -1 -1 0
t 962 674 112 272 -1 -1 0
t 994 674 112 272 -1 -1 0
t 1026 674 112 272 -1 -1 0
t 1058 674 112 272 -1 -1 0
t 1090 674 112 272 -1 -1 0
t 1122 674 16 0 -1 -1 0
t 1154 674 16 0 -1 -1 0
t 1186 674 16 0 -1 -1 0
t 1218 674 16 0 -1 -1 0
t 1250 674 16 0 -1 -1 0
t 1282 674 16 0 -1 -1 0
t 1314 674 16 0 -1 -1 0
t 1346 674 224 80 -1 -1 0
t 1378 674 192 272 -1 -1 1
t 1410 674 144 0 -1 -1 0
t 1442 674 144 0 -1 -1 0
t 1474 674 144 0 -1 -1 0
t 1506 674 144 0 -1 -1 0
t 1538 674 144 0 -1 -1 0
t 1570 674 144 0 -1 -1 0
t 1602 674 144 0 -1 -1 0
t 1634 674 144 0 -1 -1 0
t 1666 674 144 0 -1 -1 0
t 1698 674 144 0 -1 -1 0
t 1730 674 144 0 -1 -1 0
t 1762 674 144 0 -1 -1 0
t 1794 674 144 0 -1 -1 0
t 1826 674 144 0 -1 -1 0
t 1858 674 144 0 -1 -1 0
t 1890 674 144 0 -1 -1 0
t 1922 674 144 0 -1 -1 0
t 1954 674 144 0 -1 -1 0
t 1986 674 144 0 -1 -1 0
t 2018 674 144 0 -1 -1 0
t 2050 674 144 0 -1 -1 0
t 2 706 16 0 -1 -1 0
t 34 706 16 0 -1 -1 0
t 66 706 16 0 -1 -1 0
t 98 706 16 0 -1 -1 0
t 130 706 16 0 128 320 0
t 162 706 16 0 -1 -1 0
t 194 706 16 0 -1 -1 0
t 226 706 160 80 -1 -1 1
t 258 706 16 0 -1 -1 0
t 290 706 16 0 -1 -1 0
t 322 706 16 0 -1 -1 0
t 354 706 16 0 -1 -1 0
t 386 706 16 0 -1 -1 0
t 418 706 16 0 -1 -1 0
t 450 706 16 0 -1 -1 0
t 482 706 16 0 -1 -1 0
t 514 706 16 0 -1 -1 0
t 546 706 16 0 -1 -1 0
t 578 706 16 0 -1 -1 0
t 610 706 16 0 -1 -1 0
t 642 706 112 272 -1 -1 0
t 674 706 112 272 -1 -1 0
t 706 706 112 272 -1 -1 0
t 738 706 112 272 -1 -1 0
t 770 706 112 272 -1 -1 0
t 802 706 112 272 -1 -1 0
t 834 706 112 272 -1 -1 0
t 866 706 112 272 -1 -1 0
t 898 706 112 272 -1 -1 0
t 930 706 16 0 -1 -1 0
t 962 706 112 272 -1 -1 0
t 994 706 112 272 -1 -1 0
t 1026 706 112 272 -1 -1 0
t 1058 706 112 272 -1 -1 0
t 1090 706 112 272 -1 -1 0
t 1122 706 112 272 -1 -1 0
t 1154 706 16 0 -1 -1 0
t 1186 706 16 0 -1 -1 0
t 1218 706 16 0 -1 -1 0
t 1250 706 16 0 -1 -1 0
t 1282 706 16 0 -1 -1 0
t 1314 706 16 0 -1 -1 0
t 1346 706 224 80 -1 -1 0
t 1378 706 192 272 -1 -1 1
t 1410 706 144 0 -1 -1 0
t 1442 706 144 0 -1 -1 0
t 1474 706 144 0 -1 -1 0
t 1506 706 144 0 -1 -1 0
t 1538 706 144 0 -1 -1 0
t 1570 706 144 0 -1 -1 0
t 1602 706 144 0 -1 -1 0
t 1634 706 144 0 -1 -1 0
t 1666 706 144 0 -1 -1 0
t 1698 706 144 0 -1 -1 0
t 1730 706 144 0 -1 -1 0
t 1762 706 144 0 -1 -1 0
t 1794 706 144 0 -1 -1 0
t 1826 706 144 0 -1 -1 0
t 1858 706 144 0 -1 -1 0
t 1890 706 144 0 -1 -1 0
t 1922 706 144 0 -1 -1 0
t 1954 706 144 0 -1 -1 0
t 1986 706 144 0 -1 -1 0
t 2018 706 144 0 -1 -1 0
t 2050 706 144 0 -1 -1 0
t 2 738 16 0 -1 -1 0
t 34 738 16 0 -1 -1 0
t 66 738 16 0 -1 -1 0
t 98 738 16 0 -1 -1 0
t 130 738 16 0 128 336 1
t 162 738 16 0 -1 -1 0
t 194 738 16 0 -1 -1 0
t 226 738 160 80 -1 -1 1
t 258 738 16 0 -1 -1 0
t 290 738 16 0 96 304 0
t 322 738 16 0 112 304 0
t 354 738 16 0 -1 -1 0
t 386 738 16 0 -1 -1 0
t 418 738 16 0 -1 -1 0
t 450 738 16 0 -1 -1 0
t 482 738 16 0 -1 -1 0
t 514 738 16 0 96 304 0
t 546 738 16 0 112 304 0
t 578 738 256 224 -1 -1 0
t 610 738 16 0 -1 -1 0
t 642 738 112 272 -1 -1 0
t 674 738 112 272 128 320 0
t 706 738 112 272 -1 -1 0
t 738 738 112 272 96 304 0
t 770 738 112 272 112 304 0
t 802 738 112 272 -1 -1 0
t 834 738 112 272 -1 -1 0
t 866 738 112 272 -1 -1 0
t 898 738 112 272 -1 -1 0
t 930 738 112 272 -1 -1 0
t 962 738 112 272 -1 -1 0
t 994 738 112 272 -1 -1 0
t 1026 738 112 272 -1 -1 0
t 1058 738 112 272 -1 -1 0
t 1090 738 112 272 -1 -1 0
t 1122 738 112 272 -1 -1 0
t 1154 738 16 0 -1 -1 0
t 1186 738 16 0 -1 -1 0
t 1218 738 16 0 -1 -1 0
t 1250 738 16 0 -1 -1 0
t 1282 738 16 0 -1 -1 0
t 1314 738 16 0 -1 -1 0
t 1346 738 224 80 -1 -1 0
t 1378 738 192 272 -1 -1 1
t 1410 738 144 0 -1 -1 0
t 1442 738 144 0 -1 -1 0
t 1474 738 144 0 -1 -1 0
t 1506 738 144 0 -1 -1 0
t 1538 738 144 0 -1 -1 0
t 1570 738 144 0 -1 -1 0
t 1602 738 144 0 -1 -1 0
t 1634 738 144 0 -1 -1 0
t 1666 738 144 0 -1 -1 0
t 1698 738 144 0 -1 -1 0
t 1730 738 144 0 -1 -1 0
t 1762 738 144 0 -1 -1 0
t 1794 738 144 0 -1 -1 0
t 1826 738 144 0 -1 -1 0
t 1858 738 144 0 -1 -1 0
t 1890 738 144 0 -1 -1 0
t 1922 738 144 0 -1 -1 0
t 1954 738 144 0 -1 -1 0
t 1986 738 144 0 -1 -1 0
t 2018 738 144 0 -1 -1 0
t 2050 738 144 0 -1 -1 0
t 2 770 80 32 -1 -1 0
t 34 770 16 0 -1 -1 0
t 66 770 16 0 -1 -1 0
t 98 770 16 0 -1 -1 0
t 130 770 16 0 -1 -1 0
t 162 770 16 0 -1 -1 0
t 194 770 16 0 -1 -1 0
t 226 770 160 80 -1 -1 1
t 258 770 16 0 -1 -1 0
t 290 770 16 0 96 320 0
t 322 770 16 0 112 320 0
t 354 770 16 0 -1 -1 0
t 386 770 16 0 -1 -1 0
t 418 770 16 0 -1 -1 0
t 450 770 16 0 -1 -1 0
t 482 770 16 0 -1 -1 0
t 514 770 16 0 96 320 0
t 546 770 16 0 112 320 0
t 578 770 16 0 -1 -1 0
t 610 770 112 272 -1 -1 0
t 642 770 112 272 -1 -1 0
t 674 770 112 272 128 336 1
t 706 770 112 272 -1 -1 0
t 738 770 112 272 96 320 0
t 770 770 112 272 112 320 0
t 802 770 112 272 -1 -1 0
t 834 770 112 272 -1 -1 0
t 866 770 112 272 -1 -1 0
t 898 770 112 272 -1 -1 0
t 930 770 112 272 -1 -1 0
t 962 770 112 272 -1 -1 0
t 994 770 112 272 -1 -1 0
t 1026 770 112 272 -1 -1 0
t 1058 770 112 272 -1 -1 0
t 1090 770 112 272 -1 -1 0
t 1122 770 16 0 -1 -1 0
t 1154 770 16 0 -1 -1 0
t 1186 770 16 0 -1 -1 0
t 1218 770 16 0 -1 -1 0
t 1250 770 16 0 -1 -1 0
t 1282 770 16 0 -1 -1 0
t 1314 770 16 0 -1 -1 0
t 1346 770 224 80 -1 -1 0
t 1378 770 192 272 -1 -1 1
t 1410 770 144 0 -1 -1 0
t 1442 770 144 0 -1 -1 0
t 1474 770 144 0 -1 -1 0
t 1506 770 144 0 -1 -1 0
t 1538 770 144 0 -1 -1 0
t 1570 770 144 0 -1 -1 0
t 1602 770 144 0 -1 -1 0
t 1634 770 144 0 -1 -1 0
t 1666 770 144 0 -1 -1 0
t 1698 770 144 0 -1 -1 0
t 1730 770 144 0 -1 -1 0
t 1762 770 144 0 -1 -1 0
t 1794 770 144 0 -1 -1 0
t 1826 770 144 0 -1 -1 0
t 1858 770 144 0 -1 -1 0
t 1890 770 144 0 -1 -1 0
t 1922 770 144 0 -1 -1 0
t 1954 770 144 0 -1 -1 0
t 1986 770 144 0 -1 -1 0
t 2018 770 144 0 -1 -1 0
t 2050 770 144 0 -1 -1 0
t 2 802 0 48 -1 -1 1
t 34 802 16 48 -1 -1 0
t 66 802 16 0 -1 -1 0
t 98 802 16 0 -1 -1 0
t 130 802 16 0 -1 -1 0
t 162 802 16 0 -1 -1 0
t 194 802 16 0 -1 -1 0
t 226 802 160 80 -1 -1 1
t 258 802 16 0 -1 -1 0
t 290 802 16 0 96 336 1
t 322 802 16 0 112 336 1
t 354 802 16 0 -1 -1 0
t 386 802 16 0 -1 -1 0
t 418 802 16 0 -1 -1 0
t 450 802 16 0 -1 -1 0
t 482 802 16 0 -1 -1 0
t 514 802 16 0 96 336 1
t 546 802 16 0 112 336 1
t 578 802 16 0 -1 -1 0
t 610 802 112 272 -1 -1 0
t 642 802 16 0 -1 -1 0
t 674 802 112 272 -1 -1 0
t 706 802 112 272 -1 -1 0
t 738 802 112 272 96 336 1
t 770 802 112 272 112 336 1
t 802 802 112 272 -1 -1 0
t 834 802 112 272 -1 -1 0
t 866 802 112 272 -1 -1 0
t 898 802 112 272 -1 -1 0
t 930 802 112 272 -1 -1 0
t 962 802 112 272 -1 -1 0
t 994 802 112 272 -1 -1 0
t 1026 802 112 272 -1 -1 0
t 1058 802 112 272 -1 -1 0
t 1090 802 16 0 -1 -1 0
t 1122 802 16 0 -1 -1 0
t 1154 802 16 0 -1 -1 0
t 1186 802 16 0 -1 -1 0
t 1218 802 16 0 -1 -1 0
t 1250 802 16 0 -1 -1 0
t 1282 802 16 0 -1 -1 0
t 1314 802 16 0 -1 -1 0
t 1346 802 224 80 -1 -1 0
t 1378 802 192 272 -1 -1 1
t 1410 802 144 0 -1 -1 0
t 1442 802 144 0 -1 -1 0
t 1474 802 144 0 -1 -1 0
t 1506 802 144 0 -1 -1 0
t 1538 802 144 0 -1 -1 0
t 1570 802 144 0 -1 -1 0
t 1602 802 144 0 -1 -1 0
t 1634 802 144 0 -1 -1 0
t 1666 802 144 0 -1 -1 0
t 1698 802 144 0 -1 -1 0
t 1730 802 144 0 -1 -1 0
t 1762 802 144 0 -1 -1 0
t 1794 802 144 0 -1 -1 0
t 1826 802 144 0 -1 -1 0
t 1858 802 144 0 -1 -1 0
t 1890 802 144 0 -1 -1 0
t 1922 802 144 0 -1 -1 0
t 1954 802 144 0 -1 -1 0
t 1986 802 144 0 -1 -1 0
t 2018 802 144 0 -1 -1 0
t 2050 802 144 0 -1 -1 0
t 2 834 0 0 -1 -1 1
t 34 834 16 80 -1 -1 0
t 66 834 0 48 -1 -1 0
t 98 834 16 48 -1 -1 0
t 130 834 192 256 -1 -1 1
t 162 834 224 112 -1 -1 1
t 194 834 224 96 -1 -1 1
t 226 834 240 96 -1 -1 1
t 258 834 16 0 -1 -1 0
t 290 834 16 0 -1 -1 0
t 322 834 16 0 -1 -1 0
t 354 834 16 0 -1 -1 0
t 386 834 16 0 -1 -1 0
t 418 834 224 80 -1 -1 0
t 450 834 224 80 -1 -1 0
t 482 834 224 80 -1 -1 0
t 514 834 224 80 -1 -1 0
t 546 834 224 80 -1 -1 0
t 578 834 224 80 -1 -1 0
t 610 834 224 80 -1 -1 0
t 642 834 224 80 -1 -1 0
t 674 834 224 80 -1 -1 0
t 706 834 224 80 -1 -1 0
t 738 834 224 80 -1 -1 0
t 770 834 224 80 -1 -1 0
t 802 834 224 80 -1 -1 0
t 834 834 224 80 -1 -1 0
t 866 834 112 272 -1 -1 0
t 898 834 112 272 -1 -1 0
t 930 834 112 272 96 304 0
t 962 834 112 272 112 304 0
t 994 834 112 272 -1 -1 0
t 1026 834 112 272 -1 -1 0
t 1058 834 16 0 -1 -1 0
t 1090 834 16 0 -1 -1 0
t 1122 834 16 0 -1 -1 0
t 1154 834 16 0 -1 -1 0
t 1186 834 16 0 -1 -1 0
t 1218 834 16 0 -1 -1 0
t 1250 834 16 0 -1 -1 0
t 1282 834 16 0 -1 -1 0
t 1314 834 16 0 -1 -1 0
t 1346 834 224 80 -1 -1 0
t 1378 834 192 272 -1 -1 1
t 1410 834 144 0 -1 -1 0
t 1442 834 144 0 -1 -1 0
t 1474 834 144 0 -1 -1 0
t 1506 834 144 0 -1 -1 0
t 1538 834 144 0 -1 -1 0
t 1570 834 144 0 -1 -1 0
t 1602 834 144 0 -1 -1 0
t 1634 834 144 0 -1 -1 0
t 1666 834 144 0 -1 -1 0
t 1698 834 144 0 -1 -1 0
t 1730 834 144 0 -1 -1 0
t 1762 834 144 0 -1 -1 0
t 1794 834 144 0 -1 -1 0
t 1826 834 144 0 -1 -1 0
t 1858 834 144 0 -1 -1 0
t 1890 834 144 0 -1 -1 0
t 1922 834 144 0 -1 -1 0
t 1954 834 144 0 -1 -1 0
t 1986 834 144 0 -1 -1 0
t 2018 834 144 0 -1 -1 0
t 2050 834 144 0 -1 -1 0
t 2 866 16 80 -1 -1 1
t 34 866 16 80 -1 -1 0
t 66 866 16 80 -1 -1 0
t 98 866 16 80 -1 -1 0
t 130 866 192 272 -1 -1 1
t 162 866 224 128 -1 -1 1
t 194 866 16 0 -1 -1 0
t 226 866 16 0 -1 -1 0
t 258 866 16 0 -1 -1 0
t 290 866 16 0 -1 -1 0
t 322 866 16 0 -1 -1 0
t 354 866 16 0 -1 -1 0
t 386 866 192 16 -1 -1 1
t 418 866 208 16 -1 -1 1
t 450 866 208 16 -1 -1 1
t 482 866 208 16 -1 -1 1
t 514 866 208 16 -1 -1 1
t 546 866 208 16 -1 -1 1
t 578 866 208 16 -1 -1 1
t 610 866 208 16 -1 -1 1
t 642 866 208 16 -1 -1 1
t 674 866 208 16 -1 -1 1
t 706 866 208 16 -1 -1 1
t 738 866 208 16 -1 -1 1
t 770 866 208 16 -1 -1 1
t 802 866 208 16 -1 -1 1
t 834 866 208 16 -1 -1 1
t 866 866 224 16 -1 -1 1
t 898 866 112 272 -1 -1 0
t 930 866 112 272 96 320 0
t 962 866 16 0 112 320 0
t 994 866 16 0 -1 -1 0
t 1026 866 16 0 -1 -1 0
t 1058 866 16 0 -1 -1 0
t 1090 866 16 0 -1 -1 0
t 1122 866 16 0 -1 -1 0
t 1154 866 16 0 -1 -1 0
t 1186 866 16 0 -1 -1 0
t 1218 866 16 0 -1 -1 0
t 1250 866 16 0 -1 -1 0
t 1282 866 16 0 -1 -1 0
t 1314 866 16 0 -1 -1 0
t 1346 866 224 80 -1 -1 0
t 1378 866 192 272 -1 -1 1
t 1410 866 144 0 -1 -1 0
t 1442 866 144 0 -1 -1 0
t 1474 866 144 0 -1 -1 0
t 1506 866 144 0 -1 -1 0
t 1538 866 144 0 -1 -1 0
t 1570 866 144 0 -1 -1 0
t 1602 866 144 0 -1 -1 0
t 1634 866 144 0 -1 -1 0
t 1666 866 144 0 -1 -1 0
t 1698 866 144 0 -1 -1 0
t 1730 866 144 0 -1 -1 0
t 1762 866 144 0 -1 -1 0
t 1794 866 144 0 -1 -1 0
t 1826 866 144 0 -1 -1 0
t 1858 866 144 0 -1 -1 0
t 1890 866 144 0 -1 -1 0
t 1922 866 144 0 -1 -1 0
t 1954 866 144 0 -1 -1 0
t 1986 866 144 0 -1 -1 0
t 2018 866 144 0 -1 -1 0
t 2050 866 144 0 -1 -1 0
t 2 898 16 80 -1 -1 1
t 34 898 16 80 144 336 0
t 66 898 16 80 -1 -1 0
t 98 898 16 80 -1 -1 0
t 130 898 0 272 -1 -1 1
t 162 898 224 224 -1 -1 1
t 194 898 16 0 -1 -1 0
t 226 898 16 0 -1 -1 0
t 258 898 16 0 -1 -1 0
t 290 898 16 0 -1 -1 0
t 322 898 16 0 128 320 0
t 354 898 16 0 -1 -1 0
t 386 898 240 32 -1 -1 1
t 418 898 16 0 -1 -1 0
t 450 898 16 0 -1 -1 0
t 482 898 16 0 -1 -1 0
t 514 898 16 0 -1 -1 0
t 546 898 16 0 -1 -1 0
t 578 898 16 0 -1 -1 0
t 610 898 16 0 -1 -1 0
t 642 898 16 0 -1 -1 0
t 674 898 16 0 -1 -1 0
t 706 898 16 0 -1 -1 0
t 738 898 16 0 -1 -1 0
t 770 898 16 0 -1 -1 0
t 802 898 112 272 -1 -1 0
t 834 898 112 272 -1 -1 0
t 866 898 224 32 -1 -1 1
t 898 898 16 0 -1 -1 0
t 930 898 16 0 96 336 1
t 962 898 16 0 112 336 1
t 994 898 16 0 -1 -1 0
t 1026 898 16 0 -1 -1 0
t 1058 898 16 0 -1 -1 0
t 1090 898 16 0 -1 -1 0
t 1122 898 16 0 -1 -1 0
t 1154 898 16 0 -1 -1 0
t 1186 898 16 0 -1 -1 0
t 1218 898 16 0 -1 -1 0
t 1250 898 16 0 -1 -1 0
t 1282 898 16 0 -1 -1 0
t 1314 898 224 80 -1 -1 0
t 1346 898 224 80 -1 -1 0
t 1378 898 192 272 -1 -1 1
t 1410 898 144 0 -1 -1 0
t 1442 898 144 0 -1 -1 0
t 1474 898 144 0 -1 -1 0
t 1506 898 144 0 -1 -1 0
t 1538 898 144 0 -1 -1 0
t 1570 898 144 0 -1 -1 0
t 1602 898 144 0 -1 -1 0
t 1634 898 144 0 -1 -1 0
t 1666 898 144 0 -1 -1 0
t 1698 898 144 0 -1 -1 0
t 1730 898 144 0 -1 -1 0
t 1762 898 144 0 -1 -1 0
t 1794 898 144 0 -1 -1 0
t 1826 898 144 0 -1 -1 0
t 1858 898 144 0 -1 -1 0
t 1890 898 144 0 -1 -1 0
t 1922 898 144 0 -1 -1 0
t 1954 898 144 0 -1 -1 0
t 1986 898 144 0 -1 -1 0
t 2018 898 144 0 -1 -1 0
t 2050 898 144 0 -1 -1 0
t 2 930 16 80 -1 -1 1
t 34 930 16 80 -1 -1 0
t 66 930 16 80 -1 -1 0
t 98 930 16 80 -1 -1 0
t 130 930 0 272 -1 -1 1
t 162 930 224 224 -1 -1 1
t 194 930 16 0 -1 -1 0
t 226 930 16 0 -1 -1 0
t 258 930 16 0 -1 -1 0
t 290 930 16 0 -1 -1 0
t 322 930 16 0 128 336 1
t 354 930 16 0 -1 -1 0
t 386 930 240 32 -1 -1 1
t 418 930 16 0 -1 -1 0
t 450 930 16 0 -1 -1 0
t 482 930 16 0 -1 -1 0
t 514 930 16 0 -1 -1 0
t 546 930 16 0 -1 -1 0
t 578 930 16 0 -1 -1 0
t 610 930 16 0 -1 -1 0
t 642 930 16 0 -1 -1 0
t 674 930 16 0 -1 -1 0
t 706 930 16 0 -1 -1 0
t 738 930 16 0 -1 -1 0
t 770 930 16 0 -1 -1 0
t 802 930 16 0 -1 -1 0
t 834 930 112 272 -1 -1 0
t 866 930 224 32 -1 -1 1
t 898 930 16 0 -1 -1 0
t 930 930 16 0 -1 -1 0
t 962 930 16 0 -1 -1 0
t 994 930 16 0 -1 -1 0
t 1026 930 16 0 -1 -1 0
t 1058 930 16 0 -1 -1 0
t 1090 930 16 0 -1 -1 0
t 1122 930 16 0 -1 -1 0
t 1154 930 16 0 -1 -1 0
t 1186 930 16 0 -1 -1 0
t 1218 930 16 0 -1 -1 0
t 1250 930 16 0 -1 -1 0
t 1282 930 16 0 -1 -1 0
t 1314 930 224 80 -1 -1 0
t 1346 930 224 80 -1 -1 0
t 1378 930 192 272 -1 -1 1
t 1410 930 144 0 -1 -1 0
t 1442 930 144 0 -1 -1 0
t 1474 930 144 0 -1 -1 0
t 1506 930 144 0 -1 -1 0
t 1538 930 144 0 -1 -1 0
t 1570 930 144 0 -1 -1 0
t 1602 930 144 0 -1 -1 0
t 1634 930 144 0 -1 -1 0
t 1666 930 144 0 -1 -1 0
t 1698 930 144 0 -1 -1 0
t 1730 930 144 0 -1 -1 0
t 1762 930 144 0 -1 -1 0
t 1794 930 144 0 -1 -1 0
t 1826 930 144 0 -1 -1 0
t 1858 930 144 0 -1 -1 0
t 1890 930 144 0 -1 -1 0
t 1922 930 144 0 -1 -1 0
t 1954 930 144 0 -1 -1 0
t 1986 930 144 0 -1 -1 0
t 2018 930 144 0 -1 -1 0
t 2050 930 144 0 -1 -1 0
t 2 962 0 0 -1 -1 1
t 34 962 16 80 -1 -1 0
t 66 962 16 80 -1 -1 0
t 98 962 16 80 144 304 0
t 130 962 0 272 -1 -1 1
t 162 962 224 224 -1 -1 1
t 194 962 16 0 -1 -1 0
t 226 962 16 0 -1 -1 0
t 258 962 16 0 -1 -1 0
t 290 962 16 0 -1 -1 0
t 322 962 16 0 -1 -1 0
t 354 962 16 0 -1 -1 0
t 386 962 240 32 -1 -1 1
t 418 962 16 0 -1 -1 0
t 450 962 16 0 -1 -1 0
t 482 962 16 0 -1 -1 0
t 514 962 16 0 -1 -1 0
t 546 962 16 0 -1 -1 0
t 578 962 16 0 -1 -1 0
t 610 962 16 0 -1 -1 0
t 642 962 16 0 -1 -1 0
t 674 962 16 0 -1 -1 0
t 706 962 16 0 -1 -1 0
t 738 962 16 0 -1 -1 0
t 770 962 16 0 -1 -1 0
t 802 962 16 0 -1 -1 0
t 834 962 16 0 -1 -1 0
t 866 962 224 32 -1 -1 1
t 898 962 16 0 -1 -1 0
t 930 962 16 0 -1 -1 0
t 962 962 16 0 -1 -1 0
t 994 962 16 0 -1 -1 0
t 1026 962 16 0 -1 -1 0
t 1058 962 16 0 -1 -1 0
t 1090 962 16 0 -1 -1 0
t 1122 962 16 0 -1 -1 0
t 1154 962 16 0 -1 -1 0
t 1186 962 16 0 -1 -1 0
t 1218 962 16 0 -1 -1 0
t 1250 962 16 0 -1 -1 0
t 1282 962 16 0 -1 -1 0
t 1314 962 224 80 -1 -1 0
t 1346 962 224 80 -1 -1 0
t 1378 962 192 272 -1 -1 1
t 1410 962 144 0 -1 -1 0
t 1442 962 144 0 -1 -1 0
t 1474 962 144 0 -1 -1 0
t 1506 962 144 0 -1 -1 0
t 1538 962 144 0 -1 -1 0
t 1570 962 144 0 -1 -1 0
t 1602 962 144 0 -1 -1 0
t 1634 962 144 0 -1 -1 0
t 1666 962 144 0 -1 -1 0
t 1698 962 144 0 -1 -1 0
t 1730 962 144 0 -1 -1 0
t 1762 962 144 0 -1 -1 0
t 1794 962 144 0 -1 -1 0
t 1826 962 144 0 -1 -1 0
t 1858 962 144 0 -1 -1 0
t 1890 962 144 0 -1 -1 0
t 1922 962 144 0 -1 -1 0
t 1954 962 144 0 -1 -1 0
t 1986 962 144 0 -1 -1 0
t 2018 962 144 0 -1 -1 0
t 2050 962 144 0 -1 -1 0
t 2 994 128 16 -1 -1 1
t 34 994 16 80 -1 -1 0
t 66 994 16 80 -1 -1 0
t 98 994 16 80 -1 -1 0
t 130 994 0 272 -1 -1 1
t 162 994 224 224 -1 -1 1
t 194 994 16 0 -1 -1 0
t 226 994 16 0 128 320 0
t 258 994 16 0 -1 -1 0
t 290 994 16 0 -1 -1 0
t 322 994 16 0 -1 -1 0
t 354 994 16 0 -1 -1 0
t 386 994 240 32 -1 -1 1
t 418 994 16 0 -1 -1 0
t 450 994 16 0 -1 -1 0
t 482 994 16 0 -1 -1 0
t 514 994 16 0 -1 -1 0
t 546 994 224 304 -1 -1 0
t 578 994 16 0 -1 -1 0
t 610 994 16 0 -1 -1 0
t 642 994 16 0 -1 -1 0
t 674 994 16 0 -1 -1 0
t 706 994 16 0 -1 -1 0
t 738 994 16 0 -1 -1 0
t 770 994 16 0 -1 -1 0
t 802 994 16 0 -1 -1 0
t 834 994 16 0 -1 -1 0
t 866 994 224 32 -1 -1 1
t 898 994 256 224 -1 -1 0
t 930 994 16 0 96 304 0
t 962 994 16 0 112 304 0
t 994 994 16 0 -1 -1 0
t 1026 994 16 0 -1 -1 0
t 1058 994 16 0 -1 -1 0
t 1090 994 224 336 -1 -1 0
t 1122 994 16 0 -1 -1 0
t 1154 994 16 0 -1 -1 0
t 1186 994 16 0 -1 -1 0
t 1218 994 16 0 -1 -1 0
t 1250 994 16 0 -1 -1 0
t 1282 994 16 0 -1 -1 0
t 1314 994 224 80 -1 -1 0
t 1346 994 224 80 -1 -1 0
t 1378 994 192 272 -1 -1 1
t 1410 994 144 0 -1 -1 0
t 1442 994 144 0 -1 -1 0
t 1474 994 144 0 -1 -1 0
t 1506 994 144 0 -1 -1 0
t 1538 994 144 0 -1 -1 0
t 1570 994 144 0 -1 -1 0
t 1602 994 144 0 -1 -1 0
t 1634 994 144 0 -1 -1 0
t 1666 994 144 0 -1 -1 0
t 1698 994 144 0 -1 -1 0
t 1730 994 144 0 -1 -1 0
t 1762 994 144 0 -1 -1 0
t 1794 994 144 0 -1 -1 0
t 1826 994 144 0 -1 -1 0
t 1858 994 144 0 -1 -1 0
t 1890 994 144 0 -1 -1 0
t 1922 994 144 0 -1 -1 0
t 1954 994 144 0 -1 -1 0
t 1986 994 144 0 -1 -1 0
t 2018 994 144 0 -1 -1 0
t 2050 994 144 0 -1 -1 0
t 2 1026 128 32 -1 -1 1
t 34 1026 128 16 -1 -1 1
t 66 1026 16 80 -1 -1 0
t 98 1026 64 80 -1 -1 0
t 130 1026 0 272 -1 -1 1
t 162 1026 224 224 -1 -1 1
t 194 1026 16 0 -1 -1 0
t 226 1026 16 0 128 336 1
t 258 1026 16 0 -1 -1 0
t 290 1026 16 0 -1 -1 0
t 322 1026 16 0 -1 -1 0
t 354 1026 16 0 -1 -1 0
t 386 1026 240 32 -1 -1 1
t 418 1026 16 0 -1 -1 0
t 450 1026 16 0 -1 -1 0
t 482 1026 16 0 -1 -1 0
t 514 1026 16 0 -1 -1 0
t 546 1026 16 0 -1 -1 0
t 578 1026 16 0 -1 -1 0
t 610 1026 16 0 -1 -1 0
t 642 1026 16 0 -1 -1 0
t 674 1026 16 0 -1 -1 0
t 706 1026 16 0 -1 -1 0
t 738 1026 16 0 -1 -1 0
t 770 1026 16 0 -1 -1 0
t 802 1026 16 0 -1 -1 0
t 834 1026 16 0 -1 -1 0
t 866 1026 224 32 -1 -1 1
t 898 1026 16 0 -1 -1 0
t 930 1026 16 0 96 320 0
t 962 1026 16 0 112 320 0
t 994 1026 16 0 -1 -1 0
t 1026 1026 16 0 -1 -1 0
t 1058 1026 16 0 -1 -1 0
t 1090 1026 112 272 -1 -1 0
t 1122 1026 16 0 -1 -1 0
t 1154 1026 16 0 -1 -1 0
t 1186 1026 16 0 -1 -1 0
t 1218 1026 16 0 -1 -1 0
t 1250 1026 16 0 -1 -1 0
t 1282 1026 16 0 -1 -1 0
t 1314 1026 16 0 -1 -1 0
t 1346 1026 224 80 -1 -1 0
t 1378 1026 192 272 -1 -1 1
t 1410 1026 144 0 -1 -1 0
t 1442 1026 144 0 -1 -1 0
t 1474 1026 144 0 -1 -1 0
t 1506 1026 144 0 -1 -1 0
t 1538 1026 144 0 -1 -1 0
t 1570 1026 144 0 -1 -1 0
t 1602 1026 144 0 -1 -1 0
t 1634 1026 144 0 -1 -1 0
t 1666 1026 144 0 -1 -1 0
t 1698 1026 144 0 -1 -1 0
t 1730 1026 144 0 -1 -1 0
t 1762 1026 144 0 -1 -1 0
t 1794 1026 144 0 -1 -1 0
t 1826 1026 144 0 -1 -1 0
t 1858 1026 144 0 -1 -1 0
t 1890 1026 144 0 -1 -1 0
t 1922 1026 144 0 -1 -1 0
t 1954 1026 144 0 -1 -1 0
t 1986 1026 144 0 -1 -1 0
t 2018 1026 144 0 -1 -1 0
t 2050 1026 144 0 -1 -1 0
t 2 1058 128 32 -1 -1 1
t 34 1058 128 32 -1 -1 1
t 66 1058 128 80 -1 -1 1
t 98 1058 64 80 -1 -1 0
t 130 1058 0 272 -1 -1 1
t 162 1058 224 224 -1 -1 1
t 194 1058 16 0 -1 -1 0
t 226 1058 16 0 -1 -1 0
t 258 1058 16 0 -1 -1 0
t 290 1058 16 0 -1 -1 0
t 322 1058 16 0 -1 -1 0
t 354 1058 16 0 128 320 0
t 386 1058 240 32 -1 -1 1
t 418 1058 16 0 -1 -1 0
t 450 1058 16 0 -1 -1 0
t 482 1058 16 0 -1 -1 0
t 514 1058 16 0 -1 -1 0
t 546 1058 16 0 -1 -1 0
t 578 1058 16 0 -1 -1 0
t 610 1058 16 0 -1 -1 0
t 642 1058 16 0 -1 -1 0
t 674 1058 16 0 -1 -1 0
t 706 1058 16 0 -1 -1 0
t 738 1058 16 0 -1 -1 0
t 770 1058 16 0 -1 -1 0
t 802 1058 16 0 -1 -1 0
t 834 1058 16 0 -1 -1 0
t 866 1058 224 32 -1 -1 1
t 898 1058 16 0 -1 -1 0
t 930 1058 16 0 96 336 1
t 962 1058 16 0 112 336 1
t 994 1058 16 0 -1 -1 0
t 1026 1058 16 0 -1 -1 0
t 1058 1058 16 0 -1 -1 0
t 1090 1058 16 0 -1 -1 0
t 1122 1058 16 0 -1 -1 0
t 1154 1058 16 0 -1 -1 0
t 1186 1058 16 0 -1 -1 0
t 1218 1058 16 0 -1 -1 0
t 1250 1058 16 0 -1 -1 0
t 1282 1058 16 0 -1 -1 0
t 1314 1058 16 0 -1 -1 0
t 1346 1058 224 80 -1 -1 0
t 1378 1058 192 272 -1 -1 1
t 1410 1058 144 0 -1 -1 0
t 1442 1058 144 0 -1 -1 0
t 1474 1058 144 0 -1 -1 0
t 1506 1058 144 0 -1 -1 0
t 1538 1058 144 0 -1 -1 0
t 1570 1058 144 0 -1 -1 0
t 1602 1058 144 0 -1 -1 0
t 1634 1058 144 0 -1 -1 0
t 1666 1058 144 0 -1 -1 0
t 1698 1058 144 0 -1 -1 0
t 1730 1058 144 0 -1 -1 0
t 1762 1058 144 0 -1 -1 0
t 1794 1058 144 0 -1 -1 0
t 1826 1058 144 0 -1 -1 0
t 1858 1058 144 0 -1 -1 0
t 1890 1058 144 0 -1 -1 0
t 1922 1058 144 0 -1 -1 0
t 1954 1058 144 0 -1 -1 0
t 1986 1058 144 0 -1 -1 0
t 2018 1058 144 0 -1 -1 0
t 2050 1058 144 0 -1 -1 0
t 2 1090 128 32 -1 -1 1
t 34 1090 128 32 -1 -1 1
t 66 1090 128 80 -1 -1 1
t 98 1090 64 80 -1 -1 0
t 130 1090 0 272 -1 -1 1
t 162 1090 224 224 -1 -1 1
t 194 1090 16 0 -1 -1 0
t 226 1090 16 0 -1 -1 0
t 258 1090 16 0 -1 -1 0
t 290 1090 16 0 -1 -1 0
t 322 1090 16 0 -1 -1 0
t 354 1090 16 0 128 336 1
t 386 1090 240 32 -1 -1 1
t 418 1090 16 0 -1 -1 0
t 450 1090 16 0 -1 -1 0
t 482 1090 16 0 -1 -1 0
t 514 1090 16 0 -1 -1 0
t 546 1090 16 0 -1 -1 0
t 578 1090 16 0 -1 -1 0
t 610 1090 16 0 -1 -1 0
t 642 1090 16 0 -1 -1 0
t 674 1090 16 0 -1 -1 0
t 706 1090 16 0 -1 -1 0
t 738 1090 16 0 -1 -1 0
t 770 1090 16 0 -1 -1 0
t 802 1090 16 0 -1 -1 0
t 834 1090 16 0 -1 -1 0
t 866 1090 288 96 -1 -1 0
t 898 1090 16 0 -1 -1 0
t 930 1090 16 0 -1 -1 0
t 962 1090 16 0 -1 -1 0
t 994 1090 16 0 -1 -1 0
t 1026 1090 16 0 -1 -1 0
t 1058 1090 16 0 -1 -1 0
t 1090 1090 16 0 -1 -1 0
t 1122 1090 16 0 -1 -1 0
t 1154 1090 16 0 -1 -1 0
t 1186 1090 16 0 -1 -1 0
t 1218 1090 16 0 -1 -1 0
t 1250 1090 16 0 -1 -1 0
t 1282 1090 16 0 -1 -1 0
t 1314 1090 16 0 -1 -1 0
t 1346 1090 224 80 -1 -1 0
t 1378 1090 192 272 -1 -1 1
t 1410 1090 144 0 -1 -1 0
t 1442 1090 144 0 -1 -1 0
t 1474 1090 144 0 -1 -1 0
t 1506 1090 144 0 -1 -1 0
t 1538 1090 144 0 -1 -1 0
t 1570 1090 144 0 -1 -1 0
t 1602 1090 144 0 -1 -1 0
t 1634 1090 144 0 -1 -1 0
t 1666 1090 144 0 -1 -1 0
t 1698 1090 144 0 -1 -1 0
t 1730 1090 144 0 -1 -1 0
t 1762 1090 144 0 -1 -1 0
t 1794 1090 144 0 -1 -1 0
t 1826 1090 144 0 -1 -1 0
t 1858 1090 144 0 -1 -1 0
t 1890 1090 144 0 -1 -1 0
t 1922 1090 144 0 -1 -1 0
t 1954 1090 144 0 -1 -1 0
t 1986 1090 144 0 -1 -1 0
t 2018 1090 144 0 -1 -1 0
t 2050 1090 144 0 -1 -1 0
t 2 1122 128 32 -1 -1 1
t 34 1122 128 48 -1 -1 1
t 66 1122 16 80 144 352 0
t 98 1122 64 80 -1 -1 0
t 130 1122 0 272 -1 -1 1
t 162 1122 224 224 -1 -1 1
t 194 1122 16 0 -1 -1 0
t 226 1122 16 0 -1 -1 0
t 258 1122 16 0 -1 -1 0
t 290 1122 16 0 -1 -1 0
t 322 1122 16 0 -1 -1 0
t 354 1122 16 0 -1 -1 0
t 386 1122 240 32 -1 -1 1
t 418 1122 16 0 -1 -1 0
t 450 1122 16 0 -1 -1 0
t 482 1122 16 0 -1 -1 0
t 514 1122 16 0 -1 -1 0
t 546 1122 16 0 -1 -1 0
t 578 1122 16 0 -1 -1 0
t 610 1122 16 0 -1 -1 0
t 642 1122 16 0 -1 -1 0
t 674 1122 16 0 -1 -1 0
t 706 1122 16 0 -1 -1 0
t 738 1122 16 0 -1 -1 0
t 770 1122 16 0 -1 -1 0
t 802 1122 16 0 -1 -1 0
t 834 1122 16 0 -1 -1 0
t 866 1122 224 32 -1 -1 1
t 898 1122 16 0 -1 -1 0
t 930 1122 16 0 -1 -1 0
t 962 1122 16 0 -1 -1 0
t 994 1122 16 0 -1 -1 0
t 1026 1122 16 0 -1 -1 0
t 1058 1122 16 0 -1 -1 0
t 1090 1122 16 0 -1 -1 0
t 1122 1122 16 0 -1 -1 0
t 1154 1122 16 0 -1 -1 0
t 1186 1122 16 0 -1 -1 0
t 1218 1122 16 0 -1 -1 0
t 1250 1122 16 0 -1 -1 0
t 1282 1122 16 0 -1 -1 0
t 1314 1122 16 0 128 320 0
t 1346 1122 224 80 -1 -1 0
t 1378 1122 192 272 -1 -1 1
t 1410 1122 144 0 -1 -1 0
t 1442 1122 144 0 -1 -1 0
t 1474 1122 144 0 -1 -1 0
t 1506 1122 144 0 -1 -1 0
t 1538 1122 144 0 -1 -1 0
t 1570 1122 144 0 -1 -1 0
t 1602 1122 144 0 -1 -1 0
t 1634 1122 144 0 -1 -1 0
t 1666 1122 144 0 -1 -1 0
t 1698 1122 144 0 -1 -1 0
t 1730 1122 144 0 -1 -1 0
t 1762 1122 144 0 -1 -1 0
t 1794 1122 144 0 -1 -1 0
t 1826 1122 144 0 -1 -1 0
t 1858 1122 144 0 -1 -1 0
t 1890 1122 144 0 -1 -1 0
t 1922 1122 144 0 -1 -1 0
t 1954 1122 144 0 -1 -1 0
t 1986 1122 144 0 -1 -1 0
t 2018 1122 144 0 -1 -1 0
t 2050 1122 144 0 -1 -1 0
t 2 1154 128 48 -1 -1 1
t 34 1154 16 80 -1 -1 0
t 66 1154 16 80 -1 -1 0
t 98 1154 64 80 -1 -1 0
t 130 1154 0 272 -1 -1 1
t 162 1154 224 224 -1 -1 1
t 194 1154 16 0 -1 -1 0
t 226 1154 16 0 -1 -1 0
t 258 1154 224 336 -1 -1 0
t 290 1154 16 0 -1 -1 0
t 322 1154 16 0 -1 -1 0
t 354 1154 16 0 -1 -1 0
t 386 1154 240 32 -1 -1 1
t 418 1154 16 0 -1 -1 0
t 450 1154 16 0 -1 -1 0
t 482 1154 16 0 -1 -1 0
t 514 1154 16 0 -1 -1 0
t 546 1154 16 0 -1 -1 0
t 578 1154 16 0 -1 -1 0
t 610 1154 16 0 -1 -1 0
t 642 1154 16 0 -1 -1 0
t 674 1154 16 0 -1 -1 0
t 706 1154 16 0 -1 -1 0
t 738 1154 16 0 -1 -1 0
t 770 1154 16 0 -1 -1 0
t 802 1154 16 0 -1 -1 0
t 834 1154 16 0 -1 -1 0
t 866 1154 224 32 -1 -1 1
t 898 1154 16 0 -1 -1 0
t 930 1154 16 0 96 304 0
t 962 1154 16 0 112 304 0
t 994 1154 16 0 -1 -1 0
t 1026 1154 16 0 -1 -1 0
t 1058 1154 16 0 -1 -1 0
t 1090 1154 16 0 -1 -1 0
t 1122 1154 16 0 -1 -1 0
t 1154 1154 16 0 -1 -1 0
t 1186 1154 16 0 -1 -1 0
t 1218 1154 16 0 -1 -1 0
t 1250 1154 16 0 -1 -1 0
t 1282 1154 16 0 -1 -1 0
t 1314 1154 16 0 128 336 1
t 1346 1154 224 80 -1 -1 0
t 1378 1154 192 272 -1 -1 1
t 1410 1154 144 0 -1 -1 0
t 1442 1154 144 0 -1 -1 0
t 1474 1154 144 0 -1 -1 0
t 1506 1154 144 0 -1 -1 0
t 1538 1154 144 0 -1 -1 0
t 1570 1154 144 0 -1 -1 0
t 1602 1154 144 0 -1 -1 0
t 1634 1154 144 0 -1 -1 0
t 1666 1154 144 0 -1 -1 0
t 1698 1154 144 0 -1 -1 0
t 1730 1154 144 0 -1 -1 0
t 1762 1154 144 0 -1 -1 0
t 1794 1154 144 0 -1 -1 0
t 1826 1154 144 0 -1 -1 0
t 1858 1154 144 0 -1 -1 0
t 1890 1154 144 0 -1 -1 0
t 1922 1154 144 0 -1 -1 0
t 1954 1154 144 0 -1 -1 0
t 1986 1154 144 0 -1 -1 0
t 2018 1154 144 0 -1 -1 0
t 2050 1154 144 0 -1 -1 0
t 2 1186 16 80 -1 -1 1
t 34 1186 16 80 -1 -1 0
t 66 1186 16 80 -1 -1 0
t 98 1186 64 80 144 320 0
t 130 1186 0 272 -1 -1 1
t 162 1186 224 224 -1 -1 1
t 194 1186 16 0 -1 -1 0
t 226 1186 16 0 -1 -1 0
t 258 1186 16 0 -1 -1 0
t 290 1186 16 0 -1 -1 0
t 322 1186 16 0 -1 -1 0
t 354 1186 16 0 -1 -1 0
t 386 1186 240 32 -1 -1 1
t 418 1186 16 0 -1 -1 0
t 450 1186 16 0 -1 -1 0
t 482 1186 16 0 -1 -1 0
t 514 1186 16 0 -1 -1 0
t 546 1186 16 0 -1 -1 0
t 578 1186 16 0 -1 -1 0
t 610 1186 16 0 -1 -1 0
t 642 1186 16 0 -1 -1 0
t 674 1186 16 0 -1 -1 0
t 706 1186 16 0 -1 -1 0
t 738 1186 224 336 -1 -1 0
t 770 1186 16 0 -1 -1 0
t 802 1186 16 0 -1 -1 0
t 834 1186 16 0 -1 -1 0
t 866 1186 224 32 -1 -1 1
t 898 1186 16 0 -1 -1 0
t 930 1186 16 0 96 320 0
t 962 1186 16 0 112 320 0
t 994 1186 16 0 -1 -1 0
t 1026 1186 16 0 -1 -1 0
t 1058 1186 16 0 -1 -1 0
t 1090 1186 16 0 -1 -1 0
t 1122 1186 16 0 -1 -1 0
t 1154 1186 16 0 -1 -1 0
t 1186 1186 16 0 -1 -1 0
t 1218 1186 16 0 -1 -1 0
t 1250 1186 16 0 -1 -1 0
t 1282 1186 16 0 -1 -1 0
t 1314 1186 16 0 -1 -1 0
t 1346 1186 224 80 -1 -1 0
t 1378 1186 192 272 -1 -1 1
t 1410 1186 144 0 -1 -1 0
t 1442 1186 144 0 -1 -1 0
t 1474 1186 144 0 -1 -1 0
t 1506 1186 144 0 -1 -1 0
t 1538 1186 144 0 -1 -1 0
t 1570 1186 144 0 -1 -1 0
t 1602 1186 144 0 -1 -1 0
t 1634 1186 144 0 -1 -1 0
t 1666 1186 144 0 -1 -1 0
t 1698 1186 144 0 -1 -1 0
t 1730 1186 144 0 -1 -1 0
t 1762 1186 144 0 -1 -1 0
t 1794 1186 144 0 -1 -1 0
t 1826 1186 144 0 -1 -1 0
t 1858 1186 144 0 -1 -1 0
t 1890 1186 144 0 -1 -1 0
t 1922 1186 144 0 -1 -1 0
t 1954 1186 144 0 -1 -1 0
t 1986 1186 144 0 -1 -1 0
t 2018 1186 144 0 -1 -1 0
t 2050 1186 144 0 -1 -1 0
t 2 1218 16 80 -1 -1 1
t 34 1218 16 80 -1 -1 0
t 66 1218 16 80 -1 -1 0
t 98 1218 16 80 -1 -1 0
t 130 1218 0 272 -1 -1 1
t 162 1218 224 224 -1 -1 1
t 194 1218 16 0 -1 -1 0
t 226 1218 16 0 128 320 1
t 258 1218 16 0 128 320 1
t 290 1218 16 0 128 320 1
t 322 1218 16 0 128 320 1
t 354 1218 16 0 -1 -1 0
t 386 1218 240 32 -1 -1 1
t 418 1218 16 0 -1 -1 0
t 450 1218 16 0 -1 -1 0
t 482 1218 16 0 -1 -1 0
t 514 1218 16 0 -1 -1 0
t 546 1218 16 0 -1 -1 0
t 578 1218 16 0 -1 -1 0
t 610 1218 16 0 -1 -1 0
t 642 1218 16 0 -1 -1 0
t 674 1218 16 0 -1 -1 0
t 706 1218 16 0 -1 -1 0
t 738 1218 16 0 -1 -1 0
t 770 1218 16 0 -1 -1 0
t 802 1218 16 0 -1 -1 0
t 834 1218 16 0 -1 -1 0
t 866 1218 224 32 -1 -1 1
t 898 1218 16 0 -1 -1 0
t 930 1218 16 0 96 336 1
t 962 1218 16 0 112 336 1
t 994 1218 16 0 -1 -1 0
t 1026 1218 16 0 -1 -1 0
t 1058 1218 16 0 -1 -1 0
t 1090 1218 16 0 96 304 0
t 1122 1218 16 0 112 304 0
t 1154 1218 16 0 -1 -1 0
t 1186 1218 16 0 -1 -1 0
t 1218 1218 16 0 -1 -1 0
t 1250 1218 16 0 96 304 0
t 1282 1218 16 0 112 304 0
t 1314 1218 16 0 -1 -1 0
t 1346 1218 224 80 -1 -1 0
t 1378 1218 192 272 -1 -1 1
t 1410 1218 144 0 -1 -1 0
t 1442 1218 144 0 -1 -1 0
t 1474 1218 144 0 -1 -1 0
t 1506 1218 144 0 -1 -1 0
t 1538 1218 144 0 -1 -1 0
t 1570 1218 144 0 -1 -1 0
t 1602 1218 144 0 -1 -1 0
t 1634 1218 144 0 -1 -1 0
t 1666 1218 144 0 -1 -1 0
t 1698 1218 144 0 -1 -1 0
t 1730 1218 144 0 -1 -1 0
t 1762 1218 144 0 -1 -1 0
t 1794 1218 144 0 -1 -1 0
t 1826 1218 144 0 -1 -1 0
t 1858 1218 144 0 -1 -1 0
t 1890 1218 144 0 -1 -1 0
t 1922 1218 144 0 -1 -1 0
t 1954 1218 144 0 -1 -1 0
t 1986 1218 144 0 -1 -1 0
t 2018 1218 144 0 -1 -1 0
t 2050 1218 144 0 -1 -1 0
t 2 1250 16 80 -1 -1 1
t 34 1250 16 80 144 304 0
t 66 1250 16 80 -1 -1 0
t 98 1250 16 80 -1 -1 0
t 130 1250 0 272 -1 -1 1
t 162 1250 224 224 -1 -1 1
t 194 1250 16 0 -1 -1 0
t 226 1250 16 0 128 336 1
t 258 1250 16 0 128 336 1
t 290 1250 16 0 128 336 1
t 322 1250 16 0 128 336 1
t 354 1250 16 0 -1 -1 0
t 386 1250 240 32 -1 -1 1
t 418 1250 16 0 -1 -1 0
t 450 1250 16 0 -1 -1 0
t 482 1250 16 0 -1 -1 0
t 514 1250 16 0 -1 -1 0
t 546 1250 224 336 -1 -1 0
t 578 1250 16 0 -1 -1 0
t 610 1250 16 0 -1 -1 0
t 642 1250 16 0 -1 -1 0
t 674 1250 16 0 -1 -1 0
t 706 1250 16 0 -1 -1 0
t 738 1250 16 0 -1 -1 0
t 770 1250 16 0 -1 -1 0
t 802 1250 16 0 -1 -1 0
t 834 1250 16 0 -1 -1 0
t 866 1250 224 32 -1 -1 1
t 898 1250 16 0 -1 -1 0
t 930 1250 16 0 -1 -1 0
t 962 1250 16 0 -1 -1 0
t 994 1250 16 0 128 320 0
t 1026 1250 16 0 -1 -1 0
t 1058 1250 16 0 -1 -1 0
t 1090 1250 16 0 96 320 0
t 1122 1250 16 0 112 320 0
t 1154 1250 16 0 -1 -1 0
t 1186 1250 16 0 -1 -1 0
t 1218 1250 16 0 -1 -1 0
t 1250 1250 16 0 96 320 0
t 1282 1250 16 0 112 320 0
t 1314 1250 16 0 -1 -1 0
t 1346 1250 224 80 -1 -1 0
t 1378 1250 192 272 -1 -1 1
t 1410 1250 144 0 -1 -1 0
t 1442 1250 144 0 -1 -1 0
t 1474 1250 144 0 -1 -1 0
t 1506 1250 144 0 -1 -1 0
t 1538 1250 144 0 -1 -1 0
t 1570 1250 144 0 -1 -1 0
t 1602 1250 144 0 -1 -1 0
t 1634 1250 144 0 -1 -1 0
t 1666 1250 144 0 -1 -1 0
t 1698 1250 144 0 -1 -1 0
t 1730 1250 144 0 -1 -1 0
t 1762 1250 144 0 -1 -1 0
t 1794 1250 144 0 -1 -1 0
t 1826 1250 144 0 -1 -1 0
t 1858 1250 144 0 -1 -1 0
t 1890 1250 144 0 -1 -1 0
t 1922 1250 144 0 -1 -1 0
t 1954 1250 144 0 -1 -1 0
t 1986 1250 144 0 -1 -1 0
t 2018 1250 144 0 -1 -1 0
t 2050 1250 144 0 -1 -1 0
t 2 1282 16 80 -1 -1 1
t 34 1282 16 80 -1 -1 0
t 66 1282 16 80 -1 -1 0
t 98 1282 16 80 -1 -1 0
t 130 1282 0 272 -1 -1 1
t 162 1282 224 224 -1 -1 1
t 194 1282 16 0 -1 -1 0
t 226 1282 16 0 -1 -1 0
t 258 1282 16 0 -1 -1 0
t 290 1282 16 0 -1 -1 0
t 322 1282 16 0 -1 -1 0
t 354 1282 16 0 -1 -1 0
t 386 1282 240 32 -1 -1 1
t 418 1282 16 0 -1 -1 0
t 450 1282 16 0 -1 -1 0
t 482 1282 16 0 -1 -1 0
t 514 1282 16 0 -1 -1 0
t 546 1282 16 0 -1 -1 0
t 578 1282 16 0 -1 -1 0
t 610 1282 16 0 -1 -1 0
t 642 1282 16 0 -1 -1 0
t 674 1282 16 0 -1 -1 0
t 706 1282 16 0 -1 -1 0
t 738 1282 16 0 -1 -1 0
t 770 1282 16 0 -1 -1 0
t 802 1282 16 0 -1 -1 0
t 834 1282 16 0 -1 -1 0
t 866 1282 224 32 -1 -1 1
t 898 1282 16 0 -1 -1 0
t 930 1282 16 0 -1 -1 0
t 962 1282 16 0 -1 -1 0
t 994 1282 16 0 128 336 1
t 1026 1282 16 0 -1 -1 0
t 1058 1282 16 0 -1 -1 0
t 1090 1282 16 0 96 336 1
t 1122 1282 16 0 112 336 1
t 1154 1282 16 0 -1 -1 0
t 1186 1282 16 0 -1 -1 0
t 1218 1282 16 0 -1 -1 0
t 1250 1282 16 0 96 336 1
t 1282 1282 16 0 112 336 1
t 1314 1282 224 336 -1 -1 0
t 1346 1282 224 80 -1 -1 0
t 1378 1282 192 272 -1 -1 1
t 1410 1282 144 0 -1 -1 0
t 1442 1282 144 0 -1 -1 0
t 1474 1282 144 0 -1 -1 0
t 1506 1282 144 0 -1 -1 0
t 1538 1282 144 0 -1 -1 0
t 1570 1282 144 0 -1 -1 0
t 1602 1282 144 0 -1 -1 0
t 1634 1282 144 0 -1 -1 0
t 1666 1282 144 0 -1 -1 0
t 1698 1282 144 0 -1 -1 0
t 1730 1282 144 0 -1 -1 0
t 1762 1282 144 0 -1 -1 0
t 1794 1282 144 0 -1 -1 0
t 1826 1282 144 0 -1 -1 0
t 1858 1282 144 0 -1 -1 0
t 1890 1282 144 0 -1 -1 0
t 1922 1282 144 0 -1 -1 0
t 1954 1282 144 0 -1 -1 0
t 1986 1282 144 0 -1 -1 0
t 2018 1282 144 0 -1 -1 0
t 2050 1282 144 0 -1 -1 0
t 2 1314 16 80 -1 -1 1
t 34 1314 16 80 -1 -1 0
t 66 1314 16 80 -1 -1 0
t 98 1314 16 80 -1 -1 0
t 130 1314 0 272 -1 -1 1
t 162 1314 224 224 -1 -1 1
t 194 1314 16 0 -1 -1 0
t 226 1314 16 0 -1 -1 0
t 258 1314 16 0 -1 -1 0
t 290 1314 16 0 -1 -1 0
t 322 1314 16 0 -1 -1 0
t 354 1314 16 0 -1 -1 0
t 386 1314 240 32 -1 -1 1
t 418 1314 16 0 -1 -1 0
t 450 1314 16 0 -1 -1 0
t 482 1314 16 0 -1 -1 0
t 514 1314 16 0 -1 -1 0
t 546 1314 16 0 -1 -1 0
t 578 1314 16 0 -1 -1 0
t 610 1314 16 0 -1 -1 0
t 642 1314 16 0 -1 -1 0
t 674 1314 16 0 -1 -1 0
t 706 1314 16 0 -1 -1 0
t 738 1314 16 0 -1 -1 0
t 770 1314 16 0 -1 -1 0
t 802 1314 16 0 -1 -1 0
t 834 1314 16 0 -1 -1 0
t 866 1314 224 32 -1 -1 1
t 898 1314 16 0 -1 -1 0
t 930 1314 16 0 -1 -1 0
t 962 1314 16 0 -1 -1 0
t 994 1314 16 0 -1 -1 0
t 1026 1314 16 0 -1 -1 0
t 1058 1314 16 0 -1 -1 0
t 1090 1314 16 0 -1 -1 0
t 1122 1314 16 0 -1 -1 0
t 1154 1314 16 0 -1 -1 0
t 1186 1314 16 0 -1 -1 0
t 1218 1314 16 0 -1 -1 0
t 1250 1314 16 0 -1 -1 0
t 1282 1314 16 0 -1 -1 0
t 1314 1314 16 0 -1 -1 0
t 1346 1314 224 80 -1 -1 0
t 1378 1314 192 272 -1 -1 1
t 1410 1314 144 0 -1 -1 0
t 1442 1314 144 0 -1 -1 0
t 1474 1314 144 0 -1 -1 0
t 1506 1314 144 0 -1 -1 0
t 1538 1314 144 0 -1 -1 0
t 1570 1314 144 0 -1 -1 0
t 1602 1314 144 0 -1 -1 0
t 1634 1314 144 0 -1 -1 0
t 1666 1314 144 0 -1 -1 0
t 1698 1314 144 0 -1 -1 0
t 1730 1314 144 0 -1 -1 0
t 1762 1314 144 0 -1 -1 0
t 1794 1314 144 0 -1 -1 0
t 1826 1314 144 0 -1 -1 0
t 1858 1314 144 0 -1 -1 0
t 1890 1314 144 0 -1 -1 0
t 1922 1314 144 0 -1 -1 0
t 1954 1314 144 0 -1 -1 0
t 1986 1314 144 0 -1 -1 0
t 2018 1314 144 0 -1 -1 0
t 2050 1314 144 0 -1 -1 0
t 2 1346 112 128 -1 -1 1
t 34 1346 112 128 -1 -1 1
t 66 1346 112 128 -1 -1 1
t 98 1346 112 128 -1 -1 1
t 130 1346 112 128 -1 -1 1
t 162 1346 112 128 -1 -1 1
t 194 1346 112 128 -1 -1 1
t 226 1346 112 128 -1 -1 1
t 258 1346 112 128 -1 -1 1
t 290 1346 112 128 -1 -1 1
t 322 1346 112 128 -1 -1 1
t 354 1346 112 128 -1 -1 1
t 386 1346 112 128 -1 -1 1
t 418 1346 112 128 -1 -1 1
t 450 1346 112 128 -1 -1 1
t 482 1346 112 128 -1 -1 1
t 514 1346 112 128 -1 -1 1
t 546 1346 112 128 -1 -1 1
t 578 1346 112 128 -1 -1 1
t 610 1346 112 128 -1 -1 1
t 642 1346 112 128 -1 -1 1
t 674 1346 112 128 -1 -1 1
t 706 1346 112 128 -1 -1 1
t 738 1346 112 128 -1 -1 1
t 770 1346 112 128 -1 -1 1
t 802 1346 112 128 -1 -1 1
t 834 1346 112 128 -1 -1 1
t 866 1346 112 128 -1 -1 1
t 898 1346 112 128 -1 -1 1
t 930 1346 112 128 -1 -1 1
t 962 1346 112 128 -1 -1 1
t 994 1346 112 128 -1 -1 1
t 1026 1346 112 128 -1 -1 1
t 1058 1346 112 128 -1 -1 1
t 1090 1346 112 128 -1 -1 1
t 1122 1346 112 128 -1 -1 1
t 1154 1346 112 128 -1 -1 1
t 1186 1346 112 128 -1 -1 1
t 1218 1346 112 128 -1 -1 1
t 1250 1346 112 128 -1 -1 1
t 1282 1346 112 128 -1 -1 1
t 1314 1346 112 128 -1 -1 1
t 1346 1346 112 128 -1 -1 1
t 1378 1346 112 128 -1 -1 1
t 28322 30626 304 64 -1 -1 0
t 32066 32930 0 0 0 320 0
t 32450 32930 0 0 0 320 0
t 32066 32962 0 0 0 320 0
t 31874 33058 0 0 0 320 0
t 31906 33058 0 0 0 320 0
t 32130 33058 0 0 16 304 0
t 32162 33058 0 0 16 304 0
t 32194 33058 0 0 16 304 0
t 32226 33058 0 0 16 304 0
t 32258 33058 0 0 16 304 0
t 32290 33058 0 0 16 304 0
t 32322 33058 0 0 16 304 0
t 31874 33090 0 0 16 304 0
t 31906 33090 0 0 16 304 0
t 31938 33090 0 0 16 304 0
t 31970 33090 0 0 0 320 0
t 32002 33090 0 0 16 304 0
t 32034 33090 0 0 16 304 0
t 32066 33090 0 0 16 304 0
t 32098 33090 0 0 16 304 0
t 32130 33090 0 0 16 304 0
t 32162 33090 0 0 16 304 0
t 32194 33090 0 0 16 304 0
t 32226 33090 0 0 16 304 0
t 32258 33090 0 0 16 304 0
t 32290 33090 0 0 16 304 0
t 32322 33090 0 0 16 304 0
t 32354 33090 0 0 16 304 0
t 32386 33090 0 0 16 304 0
t 32418 33090 0 0 16 304 0
t 32450 33090 0 0 16 304 0
t 32290 33122 0 0 16 304 0
t 32450 33122 0 0 0 320 0
spritesheet_path ../../res/Tiles/tileset.png