t 2082 194 720 112 -1 -1 0
t 610 226 672 112 -1 -1 1
t 642 226 768 112 -1 -1 1
t 674 226 768 112 -1 -1 1
t 706 226 768 112 -1 -1 1
t 738 226 768 112 -1 -1 1
t 770 226 768 112 -1 -1 1
t 802 226 768 112 -1 -1 1
t 834 226 768 112 -1 -1 1
t 866 226 768 112 -1 -1 1
t 898 226 768 112 -1 -1 1
t 930 226 768 112 -1 -1 1
t 962 226 768 112 -1 -1 1
t 994 226 768 112 -1 -1 1
t 1026 226 768 112 -1 -1 1
t 1058 226 768 112 -1 -1 1
t 1090 226 768 112 -1 -1 1
t 1122 226 768 112 -1 -1 1
t 1154 226 768 112 -1 -1 1
t 1186 226 768 112 -1 -1 1
t 1218 226 768 112 -1 -1 1
t 1250 226 768 112 -1 -1 1
t 1282 226 768 112 -1 -1 1
t 1314 226 768 112 -1 -1 1
t 1346 226 768 112 -1 -1 1
t 1378 226 768 112 -1 -1 1
t 1410 226 768 112 -1 -1 1
t 1442 226 768 112 -1 -1 1
t 1474 226 768 112 -1 -1 1
t 1506 226 768 112 -1 -1 1
t 1538 226 768 112 -1 -1 1
t 1570 226 768 112 -1 -1 1
t 1602 226 768 112 -1 -1 1
t 1634 226 768 112 -1 -1 1
t 1666 226 768 112 -1 -1 1
t 1698 226 768 112 -1 -1 1
t 1730 226 768 112 -1 -1 1
t 1762 226 768 112 -1 -1 1
t 1794 226 768 112 -1 -1 1
t 1826 226 768 112 -1 -1 1
t 1858 226 768 112 -1 -1 1
t 1890 226 768 112 -1 -1 1
t 1922 226 768 112 -1 -1 1
t 1954 226 768 112 -1 -1 1
t 1986 226 768 112 -1 -1 1
t 2018 226 768 112 -1 -1 1
t 2050 226 768 112 -1 -1 1
t 2082 226 768 112 -1 -1 1
t 2114 226 768 112 -1 -1 1
t 2146 226 768 112 -1 -1 1
t 2178 226 768 112 -1 -1 1
t 2210 226 704 112 -1 -1 1
t 610 258 672 176 -1 -1 1
t 642 258 688 176 -1 -1 0
t 674 258 688 176 -1 -1 0
t 706 258 688 176 -1 -1 0
t 738 258 688 176 -1 -1 0
t 770 258 688 176 -1 -1 0
t 802 258 688 176 -1 -1 0
t 834 258 688 176 -1 -1 0
t 866 258 688 176 -1 -1 0
t 898 258 688 176 -1 -1 0
t 930 258 688 176 -1 -1 0
t 962 258 688 176 -1 -1 0
t 994 258 688 176 -1 -1 0
t 1026 258 688 176 -1 -1 0
t 1058 258 688 176 -1 -1 0
t 1090 258 688 176 -1 -1 0
t 1122 258 688 176 -1 -1 0
t 1154 258 688 176 -1 -1 0
t 1186 258 688 176 -1 -1 0
t 1218 258 688 176 -1 -1 0
t 1250 258 688 176 -1 -1 0
t 1282 258 688 176 -1 -1 0
t 1314 258 688 176 -1 -1 0
t 1346 258 688 176 -1 -1 0
t 1378 258 688 176 -1 -1 0
t 1410 258 688 176 -1 -1 0
t 1442 258 688 176 -1 -1 0
t 1474 258 688 176 -1 -1 0
t 1506 258 688 176 -1 -1 0
t 1538 258 688 176 -1 -1 0
t 1570 258 688 176 -1 -1 0
t 1602 258 688 176 -1 -1 0
t 1634 258 688 176 -1 -1 0
t 1666 258 688 176 -1 -1 0
t 1698 258 688 176 -1 -1 0
t 1730 258 688 176 -1 -1 0
t 1762 258 688 176 -1 -1 0
t 1794 258 688 176 -1 -1 0
t 1826 258 688 176 -1 -1 0
t 1858 258 688 176 -1 -1 0
t 1890 258 688 176 -1 -1 0
t 1922 258 688 176 -1 -1 0
t 1954 258 688 176 -1 -1 0
t 1986 258 688 176 -1 -1 0
t 2018 258 688 176 -1 -1 0
t 2050 258 688 176 -1 -1 0
t 2082 258 688 176 -1 -1 0
t 2114 258 688 176 -1 -1 0
t 2146 258 688 176 -1 -1 0
t 2178 258 688 176 -1 -1 0
t 2210 258 704 128 -1 -1 1
t 610 290 672 176 -1 -1 1
t 642 290 688 176 -1 -1 0
t 674 290 688 176 -1 -1 0
t 706 290 688 176 -1 -1 0
t 738 290 688 176 -1 -1 0
t 770 290 688 176 -1 -1 0
t 802 290 688 176 -1 -1 0
t 834 290 688 176 -1 -1 0
t 866 290 688 176 -1 -1 0
t 898 290 688 176 -1 -1 0
t 930 290 688 176 -1 -1 0
t 962 290 688 176 -1 -1 0
t 994 290 688 176 -1 -1 0
t 1026 290 688 176 -1 -1 0
t 1058 290 688 176 -1 -1 0
t 1090 290 688 176 -1 -1 0
t 1122 290 688 176 -1 -1 0
t 1154 290 688 176 -1 -1 0
t 1186 290 688 176 -1 -1 0
t 1218 290 688 176 -1 -1 0
t 1250 290 688 176 -1 -1 0
t 1282 290 688 176 -1 -1 0
t 1314 290 688 176 -1 -1 0
t 1346 290 688 176 -1 -1 0
t 1378 290 688 176 -1 -1 0
t 1410 290 688 176 -1 -1 0
t 1442 290 688 176 -1 -1 0
t 1474 290 688 176 -1 -1 0
t 1506 290 688 176 -1 -1 0
t 1538 290 688 176 -1 -1 0
t 1570 290 688 176 -1 -1 0
t 1602 290 688 176 -1 -1 0
t 1634 290 688 176 -1 -1 0
t 1666 290 688 176 -1 -1 0
t 1698 290 688 176 -1 -1 0
t 1730 290 688 176 -1 -1 0
t 1762 290 688 176 -1 -1 0
t 1794 290 688 176 -1 -1 0
t 1826 290 688 176 -1 -1 0
t 1858 290 688 176 -1 -1 0
t 1890 290 688 176 -1 -1 0
t 1922 290 688 176 -1 -1 0
t 1954 290 688 176 -1 -1 0
t 1986 290 688 176 -1 -1 0
t 2018 290 688 176 -1 -1 0
t 2050 290 688 176 -1 -1 0
t 2082 290 688 176 -1 -1 0
t 2114 290 688 176 -1 -1 0
t 2146 290 688 176 -1 -1 0
t 2178 290 688 176 -1 -1 0
t 2210 290 704 128 -1 -1 1
t 578 322 720 112 -1 -1 0
t 610 322 672 176 -1 -1 1
t 642 322 688 176 -1 -1 0
t 674 322 688 176 -1 -1 0
t 706 322 688 176 -1 -1 0
t 738 322 688 176 -1 -1 0
t 770 322 688 176 -1 -1 0
t 802 322 688 176 -1 -1 0
t 834 322 688 176 -1 -1 0
t 866 322 688 176 -1 -1 0
t 898 322 688 176 -1 -1 0
t 930 322 688 176 -1 -1 0
t 962 322 688 176 -1 -1 0
t 994 322 688 176 -1 -1 0
t 1026 322 688 176 -1 -1 0
t 1058 322 688 176 -1 -1 0
t 1090 322 688 176 -1 -1 0
t 1122 322 688 176 -1 -1 0
t 1154 322 688 176 -1 -1 0
t 1186 322 688 176 -1 -1 0
t 1218 322 688 176 -1 -1 0
t 1250 322 688 176 -1 -1 0
t 1282 322 688 176 -1 -1 0
t 1314 322 688 176 -1 -1 0
t 1346 322 688 176 -1 -1 0
t 1378 322 688 176 -1 -1 0
t 1410 322 688 176 -1 -1 0
t 1442 322 688 176 -1 -1 0
t 1474 322 688 176 -1 -1 0
t 1506 322 688 176 704 208 0
t 1538 322 688 176 704 208 0
t 1570 322 688 176 704 208 0
t 1602 322 688 176 704 208 0
t 1634 322 688 176 704 208 0
t 1666 322 688 176 704 208 0
t 1698 322 688 176 704 208 0
t 1730 322 688 176 704 208 0
t 1762 322 688 176 704 208 0
t 1794 322 688 176 704 208 0
t 1826 322 688 176 704 208 0
t 1858 322 688 176 704 208 0
t 1890 322 688 176 704 208 0
t 1922 322 688 176 704 208 0
t 1954 322 688 176 704 208 0
t 1986 322 688 176 -1 -1 0
t 2018 322 688 176 -1 -1 0
t 2050 322 688 176 -1 -1 0
t 2082 322 688 176 -1 -1 0
t 2114 322 688 176 -1 -1 0
t 2146 322 688 176 -1 -1 0
t 2178 322 688 176 -1 -1 0
t 2210 322 704 128 -1 -1 1
t 2306 322 672 384 -1 -1 0
t 610 354 672 176 -1 -1 1
t 642 354 688 176 -1 -1 0
t 674 354 688 176 -1 -1 0
t 706 354 688 176 720 240 1
t 738 354 688 176 -1 -1 0
t 770 354 688 176 -1 -1 0
t 802 354 688 176 -1 -1 0
t 834 354 688 176 -1 -1 0
t 866 354 688 176 -1 -1 0
t 898 354 688 176 -1 -1 0
t 930 354 688 176 -1 -1 0
t 962 354 688 176 -1 -1 0
t 994 354 688 176 -1 -1 0
t 1026 354 688 176 -1 -1 0
t 1058 354 688 176 -1 -1 0
t 1090 354 688 176 -1 -1 0
t 1122 354 688 176 -1 -1 0
t 1154 354 688 176 -1 -1 0
t 1186 354 688 176 -1 -1 0
t 1218 354 688 176 -1 -1 0
t 1250 354 688 176 -1 -1 0
t 1282 354 688 176 720 256 1
t 1314 354 688 176 -1 -1 0
t 1346 354 688 176 -1 -1 0
t 1378 354 688 176 -1 -1 0
t 1410 354 688 176 -1 -1 0
t 1442 354 688 176 -1 -1 0
t 1474 354 720 112 -1 -1 0
t 1506 354 720 112 704 224 1
t 1538 354 720 112 704 224 1
t 1570 354 720 112 704 224 1
t 1602 354 720 112 704 224 1
t 1634 354 720 112 704 224 1
t 1666 354 720 112 704 224 1
t 1698 354 720 112 704 224 1
t 1730 354 720 112 704 224 1
t 1762 354 720 112 704 224 1
t 1794 354 720 112 704 224 1
t 1826 354 720 112 704 224 1
t 1858 354 720 112 704 224 1
t 1890 354 720 112 704 224 1
t 1922 354 720 112 704 224 1
t 1954 354 720 112 704 224 1
t 1986 354 720 112 -1 -1 0
t 2018 354 720 112 -1 -1 0
t 2050 354 688 176 -1 -1 0
t 2082 354 688 176 -1 -1 0
t 2114 354 688 176 -1 -1 0
t 2146 354 688 176 -1 -1 0
t 2178 354 688 176 -1 -1 0
t 2210 354 704 128 -1 -1 1
t 610 386 672 176 -1 -1 1
t 642 386 688 176 -1 -1 0
t 674 386 688 176 -1 -1 0
t 706 386 688 176 720 240 1
t 738 386 688 176 -1 -1 0
t 770 386 688 176 -1 -1 0
t 802 386 688 176 -1 -1 0
t 834 386 688 176 -1 -1 0
t 866 386 688 176 -1 -1 0
t 898 386 688 176 -1 -1 0
t 930 386 688 176 -1 -1 0
t 962 386 688 176 -1 -1 0
t 994 386 688 176 -1 -1 0
t 1026 386 688 176 -1 -1 0
t 1058 386 688 176 -1 -1 0
t 1090 386 688 176 -1 -1 0
t 1122 386 688 176 -1 -1 0
t 1154 386 688 176 -1 -1 0
t 1186 386 688 176 -1 -1 0
t 1218 386 688 176 -1 -1 0
t 1250 386 688 176 784 304 0
t 1282 386 688 176 720 256 1
t 1314 386 688 176 -1 -1 0
t 1346 386 688 176 -1 -1 0
t 1378 386 688 176 -1 -1 0
t 1410 386 688 176 -1 -1 0
t 1442 386 688 176 -1 -1 0
t 1474 386 688 176 -1 -1 0
t 1506 386 688 176 -1 -1 0
t 1538 386 688 176 -1 -1 0
t 1570 386 688 176 -1 -1 0
t 1602 386 688 176 -1 -1 0
t 1634 386 688 176 -1 -1 0
t 1666 386 688 176 -1 -1 0
t 1698 386 688 176 -1 -1 0
t 1730 386 688 176 -1 -1 0
t 1762 386 688 176 -1 -1 0
t 1794 386 688 176 -1 -1 0
t 1826 386 688 176 -1 -1 0
t 1858 386 688 176 -1 -1 0
t 1890 386 688 176 -1 -1 0
t 1922 386 688 176 -1 -1 0
t 1954 386 688 176 -1 -1 0
t 1986 386 688 176 -1 -1 0
t 2018 386 688 176 -1 -1 0
t 2050 386 688 176 -1 -1 0
t 2082 386 688 176 -1 -1 0
t 2114 386 688 176 -1 -1 0
t 2146 386 688 176 -1 -1 0
t 2178 386 688 176 -1 -1 0
t 2210 386 704 128 -1 -1 1
t 610 418 672 176 -1 -1 1
t 642 418 688 176 -1 -1 0
t 674 418 688 176 -1 -1 0
t 706 418 688 176 720 240 1
t 738 418 688 176 -1 -1 0
t 770 418 688 176 -1 -1 0
t 802 418 688 176 -1 -1 0
t 834 418 688 176 -1 -1 0
t 866 418 688 176 -1 -1 0
t 898 418 688 176 -1 -1 0
t 930 418 688 176 -1 -1 0
t 962 418 688 176 -1 -1 0
t 994 418 688 176 -1 -1 0
t 1026 418 688 176 -1 -1 0
t 1058 418 688 176 -1 -1 0
t 1090 418 688 176 -1 -1 0
t 1122 418 688 176 -1 -1 0
t 1154 418 688 176 -1 -1 0
t 1186 418 688 176 -1 -1 0
t 1218 418 688 176 -1 -1 0
t 1250 418 688 176 -1 -1 0
t 1282 418 688 176 720 256 1
t 1314 418 688 176 -1 -1 0
t 1346 418 688 176 -1 -1 0
t 1378 418 688 176 -1 -1 0
t 1410 418 688 176 -1 -1 0
t 1442 418 688 176 -1 -1 0
t 1474 418 688 176 -1 -1 0
t 1506 418 688 176 -1 -1 0
t 1538 418 688 176 -1 -1 0
t 1570 418 688 176 -1 -1 0
t 1602 418 688 176 -1 -1 0
t 1634 418 688 176 -1 -1 0
t 1666 418 688 176 -1 -1 0
t 1698 418 688 176 -1 -1 0
t 1730 418 688 176 -1 -1 0
t 1762 418 688 176 -1 -1 0
t 1794 418 688 176 -1 -1 0
t 1826 418 688 176 -1 -1 0
t 1858 418 688 176 -1 -1 0
t 1890 418 688 176 -1 -1 0
t 1922 418 688 176 -1 -1 0
t 1954 418 688 176 -1 -1 0
t 1986 418 688 176 -1 -1 0
t 2018 418 688 176 -1 -1 0
t 2050 418 688 176 -1 -1 0
t 2082 418 688 176 -1 -1 0
t 2114 418 688 176 -1 -1 0
t 2146 418 688 176 -1 -1 0
t 2178 418 688 176 -1 -1 0
t 2210 418 704 128 -1 -1 1
t 610 450 672 176 -1 -1 1
t 642 450 688 176 -1 -1 0
t 674 450 688 176 -1 -1 0
t 706 450 688 176 720 240 1
t 738 450 688 176 -1 -1 0
t 770 450 688 176 -1 -1 0
t 802 450 688 176 -1 -1 0
t 834 450 688 176 -1 -1 0
t 866 450 688 176 -1 -1 0
t 898 450 688 176 -1 -1 0
t 930 450 688 176 -1 -1 0
t 962 450 688 176 -1 -1 0
t 994 450 688 176 -1 -1 0
t 1026 450 688 176 -1 -1 0
t 1058 450 688 176 -1 -1 0
t 1090 450 688 176 -1 -1 0
t 1122 450 688 176 -1 -1 0
t 1154 450 688 176 -1 -1 0
t 1186 450 688 176 -1 -1 0
t 1218 450 688 176 -1 -1 0
t 1250 450 688 176 -1 -1 0
t 1282 450 688 176 720 256 1
t 1314 450 688 176 -1 -1 0
t 1346 450 688 176 -1 -1 0
t 1378 450 688 176 -1 -1 0
t 1410 450 688 176 -1 -1 0
t 1442 450 688 176 -1 -1 0
t 1474 450 688 176 -1 -1 0
t 1506 450 688 176 -1 -1 0
t 1538 450 688 176 -1 -1 0
t 1570 450 688 176 -1 -1 0
t 1602 450 688 176 -1 -1 0
t 1634 450 688 176 -1 -1 0
t 1666 450 688 176 -1 -1 0
t 1698 450 688 176 -1 -1 0
t 1730 450 688 176 -1 -1 0
t 1762 450 688 176 -1 -1 0
t 1794 450 688 176 -1 -1 0
t 1826 450 688 176 -1 -1 0
t 1858 450 688 176 -1 -1 0
t 1890 450 688 176 -1 -1 0
t 1922 450 688 176 -1 -1 0
t 1954 450 688 176 -1 -1 0
t 1986 450 688 176 -1 -1 0
t 2018 450 688 176 -1 -1 0
t 2050 450 688 176 -1 -1 0
t 2082 450 688 176 -1 -1 0
t 2114 450 688 176 -1 -1 0
t 2146 450 688 176 -1 -1 0
t 2178 450 688 176 -1 -1 0
t 2210 450 704 128 -1 -1 1
t 2530 450 720 112 -1 -1 0
t 610 482 672 176 -1 -1 1
t 642 482 688 176 -1 -1 0
t 674 482 688 176 -1 -1 0
t 706 482 688 176 -1 -1 0
t 738 482 688 176 -1 -1 0
t 770 482 688 176 -1 -1 0
t 802 482 688 176 -1 -1 0
t 834 482 688 176 -1 -1 0
t 866 482 688 176 752 256 1
t 898 482 688 176 752 272 1
t 930 482 688 176 752 272 1
t 962 482 688 176 752 272 1
t 994 482 688 176 752 272 1
t 1026 482 688 176 752 272 1
t 1058 482 688 176 752 272 1
t 1090 482 688 176 752 272 1
t 1122 482 688 176 752 240 1
t 1154 482 688 176 -1 -1 0
t 1186 482 688 176 -1 -1 0
t 1218 482 688 176 -1 -1 0
t 1250 482 688 176 -1 -1 0
t 1282 482 688 176 -1 -1 0
t 1314 482 688 176 -1 -1 0
t 1346 482 688 176 -1 -1 0
t 1378 482 688 176 -1 -1 0
t 1410 482 688 176 -1 -1 0
t 1442 482 688 176 -1 -1 0
t 1474 482 688 176 -1 -1 0
t 1506 482 688 176 -1 -1 0
t 1538 482 688 176 -1 -1 0
t 1570 482 688 176 -1 -1 0
t 1602 482 688 176 -1 -1 0
t 1634 482 688 176 -1 -1 0
t 1666 482 688 176 -1 -1 0
t 1698 482 688 176 -1 -1 0
t 1730 482 688 176 -1 -1 0
t 1762 482 688 176 -1 -1 0
t 1794 482 688 176 -1 -1 0
t 1826 482 688 176 -1 -1 0
t 1858 482 688 176 -1 -1 0
t 1890 482 688 176 -1 -1 0
t 1922 482 688 176 -1 -1 0
t 1954 482 688 176 -1 -1 0
t 1986 482 688 176 -1 -1 0
t 2018 482 688 176 -1 -1 0
t 2050 482 736 112 -1 -1 0
t 2082 482 688 176 -1 -1 0
t 2114 482 688 176 -1 -1 0
t 2146 482 688 176 -1 -1 0
t 2178 482 688 176 -1 -1 0
t 2210 482 704 128 -1 -1 1
t 610 514 672 176 -1 -1 1
t 642 514 688 176 -1 -1 0
t 674 514 688 176 -1 -1 0
t 706 514 688 176 -1 -1 0
t 738 514 688 176 -1 -1 0
t 770 514 688 176 -1 -1 0
t 802 514 688 176 -1 -1 0
t 834 514 688 176 -1 -1 0
t 866 514 688 176 -1 -1 0
t 898 514 688 176 -1 -1 0
t 930 514 688 176 -1 -1 0
t 962 514 688 176 -1 -1 0
t 994 514 688 176 -1 -1 0
t 1026 514 688 176 -1 -1 0
t 1058 514 688 176 -1 -1 0
t 1090 514 688 176 -1 -1 0
t 1122 514 688 176 -1 -1 0
t 1154 514 688 176 -1 -1 0
t 1186 514 688 176 -1 -1 0
t 1218 514 688 176 -1 -1 0
t 1250 514 688 176 -1 -1 0
t 1282 514 688 176 -1 -1 0
t 1314 514 688 176 -1 -1 0
t 1346 514 688 176 -1 -1 0
t 1378 514 688 176 -1 -1 0
t 1410 514 688 176 -1 -1 0
t 1442 514 688 176 -1 -1 0
t 1474 514 688 176 -1 -1 0
t 1506 514 672 320 -1 -1 0
t 1538 514 688 320 -1 -1 0
t 1570 514 688 320 -1 -1 0
t 1602 514 688 320 -1 -1 0
t 1634 514 688 320 -1 -1 0
t 1666 514 688 320 -1 -1 0
t 1698 514 688 320 -1 -1 0
t 1730 514 688 320 -1 -1 0
t 1762 514 688 320 -1 -1 0
t 1794 514 688 320 -1 -1 0
t 1826 514 688 320 -1 -1 0
t 1858 514 688 320 -1 -1 0
t 1890 514 688 320 -1 -1 0
t 1922 514 688 320 -1 -1 0
t 1954 514 704 320 -1 -1 0
t 1986 514 688 176 -1 -1 0
t 2018 514 688 176 -1 -1 0
t 2050 514 688 176 -1 -1 0
t 2082 514 688 176 -1 -1 0
t 2114 514 688 176 -1 -1 0
t 2146 514 688 176 -1 -1 0
t 2178 514 688 176 -1 -1 0
t 2210 514 704 128 -1 -1 1
t 610 546 672 176 -1 -1 1
t 642 546 688 176 -1 -1 0
t 674 546 688 176 -1 -1 0
t 706 546 688 176 720 240 1
t 738 546 688 176 -1 -1 0
t 770 546 688 176 -1 -1 0
t 802 546 688 176 -1 -1 0
t 834 546 688 176 -1 -1 0
t 866 546 688 176 -1 -1 0
t 898 546 688 176 -1 -1 0
t 930 546 688 176 -1 -1 0
t 962 546 688 176 -1 -1 0
t 994 546 688 176 -1 -1 0
t 1026 546 688 176 -1 -1 0
t 1058 546 688 176 -1 -1 0
t 1090 546 688 176 -1 -1 0
t 1122 546 688 176 -1 -1 0
t 1154 546 688 176 -1 -1 0
t 1186 546 688 176 -1 -1 0
t 1218 546 688 176 -1 -1 0
t 1250 546 688 176 -1 -1 0
t 1282 546 688 176 -1 -1 0
t 1314 546 688 176 -1 -1 0
t 1346 546 688 176 -1 -1 0
t 1378 546 688 176 -1 -1 0
t 1410 546 688 176 -1 -1 0
t 1442 546 688 176 -1 -1 0
t 1474 546 688 176 -1 -1 0
t 1506 546 672 336 -1 -1 0
t 1538 546 688 336 -1 -1 0
t 1570 546 688 336 -1 -1 0
t 1602 546 688 336 -1 -1 0
t 1634 546 688 336 -1 -1 0
t 1666 546 688 336 -1 -1 0
t 1698 546 688 336 -1 -1 0
t 1730 546 688 336 -1 -1 0
t 1762 546 688 336 -1 -1 0
t 1794 546 688 336 -1 -1 0
t 1826 546 688 336 -1 -1 0
t 1858 546 688 336 -1 -1 0
t 1890 546 688 336 -1 -1 0
t 1922 546 688 336 -1 -1 0
t 1954 546 704 336 -1 -1 0
t 1986 546 688 176 -1 -1 0
t 2018 546 688 176 -1 -1 0
t 2050 546 688 176 -1 -1 0
t 2082 546 688 176 -1 -1 0
t 2114 546 688 176 -1 -1 0
t 2146 546 688 176 -1 -1 0
t 2178 546 688 176 -1 -1 0
t 2210 546 704 128 -1 -1 1
t 610 578 672 176 -1 -1 1
t 642 578 688 176 -1 -1 0
t 674 578 688 176 -1 -1 0
t 706 578 688 176 720 240 1
t 738 578 688 176 -1 -1 0
t 770 578 688 176 -1 -1 0
t 802 578 688 176 -1 -1 0
t 834 578 688 176 -1 -1 0
t 866 578 688 176 -1 -1 0
t 898 578 688 176 -1 -1 0
t 930 578 688 176 -1 -1 0
t 962 578 688 176 -1 -1 0
t 994 578 688 176 -1 -1 0
t 1026 578 688 176 -1 -1 0
t 1058 578 688 176 -1 -1 0
t 1090 578 688 176 -1 -1 0
t 1122 578 688 176 -1 -1 0
t 1154 578 688 176 -1 -1 0
t 1186 578 688 176 -1 -1 0
t 1218 578 688 176 -1 -1 0
t 1250 578 688 176 -1 -1 0
t 1282 578 688 176 -1 -1 0
t 1314 578 688 176 -1 -1 0
t 1346 578 688 176 -1 -1 0
t 1378 578 688 176 -1 -1 0
t 1410 578 688 176 -1 -1 0
t 1442 578 688 176 -1 -1 0
t 1474 578 688 176 -1 -1 0
t 1506 578 672 336 -1 -1 0
t 1538 578 688 336 -1 -1 0
t 1570 578 688 336 -1 -1 0
t 1602 578 688 336 -1 -1 0
t 1634 578 688 336 -1 -1 0
t 1666 578 688 336 -1 -1 0
t 1698 578 688 336 -1 -1 0
t 1730 578 688 336 -1 -1 0
t 1762 578 688 336 -1 -1 0
t 1794 578 688 336 -1 -1 0
t 1826 578 688 336 -1 -1 0
t 1858 578 688 336 -1 -1 0
t 1890 578 688 336 -1 -1 0
t 1922 578 688 336 -1 -1 0
t 1954 578 704 336 -1 -1 0
t 1986 578 688 176 -1 -1 0
t 2018 578 688 176 -1 -1 0
t 2050 578 688 176 -1 -1 0
t 2082 578 688 176 -1 -1 0
t 2114 578 688 176 -1 -1 0
t 2146 578 688 176 -1 -1 0
t 2178 578 688 176 -1 -1 0
t 2210 578 704 128 -1 -1 1
t 610 610 672 176 -1 -1 1
t 642 610 688 176 -1 -1 0
t 674 610 688 176 -1 -1 0
t 706 610 688 176 720 240 1
t 738 610 688 176 -1 -1 0
t 770 610 688 176 -1 -1 0
t 802 610 688 176 -1 -1 0
t 834 610 688 176 -1 -1 0
t 866 610 688 176 -1 -1 0
t 898 610 688 176 -1 -1 0
t 930 610 688 176 -1 -1 0
t 962 610 688 176 -1 -1 0
t 994 610 688 176 -1 -1 0
t 1026 610 688 176 -1 -1 0
t 1058 610 688 176 -1 -1 0
t 1090 610 688 176 -1 -1 0
t 1122 610 688 176 -1 -1 0
t 1154 610 688 176 -1 -1 0
t 1186 610 688 176 -1 -1 0
t 1218 610 688 176 -1 -1 0
t 1250 610 688 176 -1 -1 0
t 1282 610 688 176 -1 -1 0
t 1314 610 688 176 -1 -1 0
t 1346 610 688 176 -1 -1 0
t 1378 610 688 176 -1 -1 0
t 1410 610 688 176 -1 -1 0
t 1442 610 688 176 -1 -1 0
t 1474 610 688 176 -1 -1 0
t 1506 610 672 336 -1 -1 0
t 1538 610 688 336 -1 -1 0
t 1570 610 688 336 -1 -1 0
t 1602 610 688 336 -1 -1 0
t 1634 610 688 336 -1 -1 0
t 1666 610 688 336 -1 -1 0
t 1698 610 688 336 -1 -1 0
t 1730 610 688 336 -1 -1 0
t 1762 610 688 336 -1 -1 0
t 1794 610 688 336 -1 -1 0
t 1826 610 688 336 -1 -1 0
t 1858 610 688 336 -1 -1 0
t 1890 610 688 336 -1 -1 0
t 1922 610 688 336 -1 -1 0
t 1954 610 704 336 -1 -1 0
t 1986 610 688 176 -1 -1 0
t 2018 610 688 176 -1 -1 0
t 2050 610 688 176 -1 -1 0
t 2082 610 688 176 -1 -1 0
t 2114 610 688 176 -1 -1 0
t 2146 610 688 176 -1 -1 0
t 2178 610 688 176 -1 -1 0
t 2210 610 704 128 -1 -1 1
t 610 642 672 176 -1 -1 1
t 642 642 688 176 -1 -1 0
t 674 642 688 176 -1 -1 0
t 706 642 688 176 720 240 1
t 738 642 688 176 -1 -1 0
t 770 642 688 176 -1 -1 0
t 802 642 688 176 -1 -1 0
t 834 642 688 176 -1 -1 0
t 866 642 688 176 -1 -1 0
t 898 642 688 176 -1 -1 0
t 930 642 688 176 -1 -1 0
t 962 642 688 176 -1 -1 0
t 994 642 688 176 -1 -1 0
t 1026 642 688 176 -1 -1 0
t 1058 642 688 176 -1 -1 0
t 1090 642 688 176 -1 -1 0
t 1122 642 688 176 -1 -1 0
t 1154 642 688 176 -1 -1 0
t 1186 642 688 176 -1 -1 0
t 1218 642 688 176 -1 -1 0
t 1250 642 688 176 -1 -1 0
t 1282 642 688 176 -1 -1 0
t 1314 642 688 176 -1 -1 0
t 1346 642 688 176 -1 -1 0
t 1378 642 688 176 -1 -1 0
t 1410 642 688 176 -1 -1 0
t 1442 642 688 176 -1 -1 0
t 1474 642 688 176 -1 -1 0
t 1506 642 672 336 -1 -1 0
t 1538 642 688 336 -1 -1 0
t 1570 642 688 336 -1 -1 0
t 1602 642 688 336 -1 -1 0
t 1634 642 688 336 -1 -1 0
t 1666 642 688 336 -1 -1 0
t 1698 642 688 336 -1 -1 0
t 1730 642 688 336 -1 -1 0
t 1762 642 688 336 -1 -1 0
t 1794 642 688 336 -1 -1 0
t 1826 642 688 336 -1 -1 0
t 1858 642 688 336 -1 -1 0
t 1890 642 688 336 -1 -1 0
t 1922 642 688 336 -1 -1 0
t 1954 642 704 336 -1 -1 0
t 1986 642 688 176 -1 -1 0
t 2018 642 688 176 -1 -1 0
t 2050 642 688 176 -1 -1 0
t 2082 642 688 176 -1 -1 0
t 2114 642 688 176 -1 -1 0
t 2146 642 688 176 -1 -1 0
t 2178 642 688 176 -1 -1 0
t 2210 642 704 128 -1 -1 1
t 610 674 672 176 -1 -1 1
t 642 674 688 176 -1 -1 0
t 674 674 688 176 -1 -1 0
t 706 674 688 176 -1 -1 0
t 738 674 688 176 -1 -1 0
t 770 674 688 176 -1 -1 0
t 802 674 688 176 -1 -1 0
t 834 674 688 176 -1 -1 0
t 866 674 688 176 -1 -1 0
t 898 674 688 176 -1 -1 0
t 930 674 688 176 -1 -1 0
t 962 674 688 176 -1 -1 0
t 994 674 688 176 -1 -1 0
t 1026 674 688 176 -1 -1 0
t 1058 674 688 176 -1 -1 0
t 1090 674 688 176 -1 -1 0
t 1122 674 688 176 -1 -1 0
t 1154 674 688 176 -1 -1 0
t 1186 674 688 176 -1 -1 0
t 1218 674 688 176 -1 -1 0
t 1250 674 688 176 -1 -1 0
t 1282 674 688 176 -1 -1 0
t 1314 674 688 176 -1 -1 0
t 1346 674 688 176 -1 -1 0
t 1378 674 688 176 -1 -1 0
t 1410 674 688 176 -1 -1 0
t 1442 674 688 176 -1 -1 0
t 1474 674 688 176 -1 -1 0
t 1506 674 672 336 -1 -1 0
t 1538 674 688 336 -1 -1 0
t 1570 674 688 336 -1 -1 0
t 1602 674 688 336 -1 -1 0
t 1634 674 688 336 -1 -1 0
t 1666 674 688 336 -1 -1 0
t 1698 674 688 336 -1 -1 0
t 1730 674 688 336 -1 -1 0
t 1762 674 688 336 -1 -1 0
t 1794 674 688 336 -1 -1 0
t 1826 674 688 336 -1 -1 0
t 1858 674 688 336 -1 -1 0
t 1890 674 688 336 -1 -1 0
t 1922 674 688 336 -1 -1 0
t 1954 674 704 336 -1 -1 0
t 1986 674 688 176 -1 -1 0
t 2018 674 688 176 -1 -1 0
t 2050 674 688 176 -1 -1 0
t 2082 674 688 176 -1 -1 0
t 2114 674 688 176 -1 -1 0
t 2146 674 688 176 -1 -1 0
t 2178 674 688 176 -1 -1 0
t 2210 674 704 128 -1 -1 1
t 610 706 672 176 -1 -1 1
t 642 706 688 176 -1 -1 0
t 674 706 688 176 -1 -1 0
t 706 706 688 176 -1 -1 0
t 738 706 688 176 -1 -1 0
t 770 706 688 176 -1 -1 0
t 802 706 688 176 -1 -1 0
t 834 706 688 176 -1 -1 0
t 866 706 688 176 -1 -1 0
t 898 706 688 176 -1 -1 0
t 930 706 688 176 -1 -1 0
t 962 706 688 176 -1 -1 0
t 994 706 688 176 -1 -1 0
t 1026 706 688 176 -1 -1 0
t 1058 706 688 176 -1 -1 0
t 1090 706 688 176 -1 -1 0
t 1122 706 688 176 -1 -1 0
t 1154 706 688 176 -1 -1 0
t 1186 706 688 176 -1 -1 0
t 1218 706 688 176 -1 -1 0
t 1250 706 688 176 -1 -1 0
t 1282 706 688 176 -1 -1 0
t 1314 706 688 176 -1 -1 0
t 1346 706 688 176 -1 -1 0
t 1378 706 688 176 -1 -1 0
t 1410 706 688 176 -1 -1 0
t 1442 706 688 176 -1 -1 0
t 1474 706 688 176 -1 -1 0
t 1506 706 672 336 -1 -1 0
t 1538 706 688 336 -1 -1 0
t 1570 706 688 336 -1 -1 0
t 1602 706 688 336 -1 -1 0
t 1634 706 688 336 -1 -1 0
t 1666 706 688 336 -1 -1 0
t 1698 706 688 336 -1 -1 0
t 1730 706 688 336 -1 -1 0
t 1762 706 688 336 -1 -1 0
t 1794 706 688 336 -1 -1 0
t 1826 706 688 336 -1 -1 0
t 1858 706 688 336 -1 -1 0
t 1890 706 688 336 -1 -1 0
t 1922 706 688 336 -1 -1 0
t 1954 706 704 336 -1 -1 0
t 1986 706 688 176 -1 -1 0
t 2018 706 688 176 -1 -1 0
t 2050 706 688 176 -1 -1 0
t 2082 706 688 176 -1 -1 0
t 2114 706 688 176 -1 -1 0
t 2146 706 688 176 -1 -1 0
t 2178 706 688 176 -1 -1 0
t 2210 706 704 128 -1 -1 1
t 610 738 672 176 -1 -1 1
t 642 738 688 176 -1 -1 0
t 674 738 688 176 -1 -1 0
t 706 738 688 176 -1 -1 0
t 738 738 688 176 -1 -1 0
t 770 738 688 176 -1 -1 0
t 802 738 688 176 -1 -1 0
t 834 738 688 176 -1 -1 0
t 866 738 688 176 -1 -1 0
t 898 738 688 176 -1 -1 0
t 930 738 688 176 -1 -1 0
t 962 738 688 176 -1 -1 0
t 994 738 688 176 -1 -1 0
t 1026 738 688 176 -1 -1 0
t 1058 738 688 176 -1 -1 0
t 1090 738 688 176 -1 -1 0
t 1122 738 688 176 -1 -1 0
t 1154 738 688 176 -1 -1 0
t 1186 738 688 176 -1 -1 0
t 1218 738 688 176 -1 -1 0
t 1250 738 688 176 -1 -1 0
t 1282 738 688 176 -1 -1 0
t 1314 738 688 176 -1 -1 0
t 1346 738 688 176 -1 -1 0
t 1378 738 688 176 -1 -1 0
t 1410 738 688 176 -1 -1 0
t 1442 738 688 176 -1 -1 0
t 1474 738 688 176 -1 -1 0
t 1506 738 672 336 -1 -1 0
t 1538 738 688 336 -1 -1 0
t 1570 738 688 336 -1 -1 0
t 1602 738 688 336 -1 -1 0
t 1634 738 688 336 -1 -1 0
t 1666 738 688 336 -1 -1 0
t 1698 738 688 336 -1 -1 0
t 1730 738 688 336 -1 -1 0
t 1762 738 688 336 -1 -1 0
t 1794 738 688 336 -1 -1 0
t 1826 738 688 336 -1 -1 0
t 1858 738 688 336 -1 -1 0
t 1890 738 688 336 -1 -1 0
t 1922 738 688 336 -1 -1 0
t 1954 738 704 336 -1 -1 0
t 1986 738 688 176 -1 -1 0
t 2018 738 688 176 -1 -1 0
t 2050 738 688 176 -1 -1 0
t 2082 738 688 176 -1 -1 0
t 2114 738 688 176 -1 -1 0
t 2146 738 688 176 -1 -1 0
t 2178 738 688 176 -1 -1 0
t 2210 738 704 128 -1 -1 1
t 610 770 672 176 -1 -1 1
t 642 770 688 176 -1 -1 0
t 674 770 688 176 -1 -1 0
t 706 770 688 176 -1 -1 0
t 738 770 688 176 -1 -1 0
t 770 770 688 176 -1 -1 0
t 802 770 688 176 -1 -1 0
t 834 770 688 176 -1 -1 0
t 866 770 688 176 704 208 0
t 898 770 688 176 -1 -1 0
t 930 770 688 176 -1 -1 0
t 962 770 688 176 -1 -1 0
t 994 770 688 176 -1 -1 0
t 1026 770 688 176 -1 -1 0
t 1058 770 688 176 -1 -1 0
t 1090 770 688 176 -1 -1 0
t 1122 770 688 176 704 208 0
t 1154 770 688 176 -1 -1 0
t 1186 770 688 176 -1 -1 0
t 1218 770 688 176 -1 -1 0
t 1250 770 688 176 -1 -1 0
t 1282 770 688 176 -1 -1 0
t 1314 770 688 176 -1 -1 0
t 1346 770 688 176 -1 -1 0
t 1378 770 688 176 -1 -1 0
t 1410 770 688 176 -1 -1 0
t 1442 770 688 176 -1 -1 0
t 1474 770 688 176 -1 -1 0
t 1506 770 672 352 -1 -1 0
t 1538 770 688 352 -1 -1 0
t 1570 770 688 352 -1 -1 0
t 1602 770 688 352 -1 -1 0
t 1634 770 688 352 -1 -1 0
t 1666 770 688 352 -1 -1 0
t 1698 770 688 352 -1 -1 0
t 1730 770 688 352 -1 -1 0
t 1762 770 688 352 -1 -1 0
t 1794 770 688 352 -1 -1 0
t 1826 770 688 352 -1 -1 0
t 1858 770 688 352 -1 -1 0
t 1890 770 688 352 -1 -1 0
t 1922 770 688 352 -1 -1 0
t 1954 770 704 352 -1 -1 0
t 1986 770 688 176 -1 -1 0
t 2018 770 688 176 -1 -1 0
t 2050 770 688 176 -1 -1 0
t 2082 770 688 176 -1 -1 0
t 2114 770 688 176 -1 -1 0
t 2146 770 688 176 -1 -1 0
t 2178 770 688 176 -1 -1 0
t 2210 770 704 128 -1 -1 1
t 610 802 672 176 -1 -1 1
t 642 802 688 176 -1 -1 0
t 674 802 688 176 -1 -1 0
t 706 802 688 176 -1 -1 0
t 738 802 688 176 -1 -1 0
t 770 802 688 176 -1 -1 0
t 802 802 688 176 -1 -1 0
t 834 802 688 176 -1 -1 0
t 866 802 688 176 704 224 1
t 898 802 688 176 -1 -1 0
t 930 802 688 176 672 272 0
t 962 802 688 176 688 272 0
t 994 802 688 176 688 272 0
t 1026 802 688 176 688 272 0
t 1058 802 688 176 704 272 0
t 1090 802 688 176 -1 -1 0
t 1122 802 688 176 704 224 1
t 1154 802 688 176 -1 -1 0
t 1186 802 688 176 -1 -1 0
t 1218 802 688 176 -1 -1 0
t 1250 802 688 176 -1 -1 0
t 1282 802 688 176 -1 -1 0
t 1314 802 688 176 -1 -1 0
t 1346 802 688 176 -1 -1 0
t 1378 802 688 176 -1 -1 0
t 1410 802 688 176 -1 -1 0
t 1442 802 688 176 -1 -1 0
t 1474 802 688 176 -1 -1 0
t 1506 802 688 176 -1 -1 0
t 1538 802 688 176 -1 -1 0
t 1570 802 688 176 -1 -1 0
t 1602 802 688 176 -1 -1 0
t 1634 802 688 176 -1 -1 0
t 1666 802 688 176 -1 -1 0
t 1698 802 688 176 -1 -1 0
t 1730 802 688 176 -1 -1 0
t 1762 802 688 176 -1 -1 0
t 1794 802 688 176 -1 -1 0
t 1826 802 688 176 -1 -1 0
t 1858 802 688 176 -1 -1 0
t 1890 802 688 176 -1 -1 0
t 1922 802 688 176 -1 -1 0
t 1954 802 688 176 -1 -1 0
t 1986 802 688 176 -1 -1 0
t 2018 802 688 176 -1 -1 0
t 2050 802 688 176 -1 -1 0
t 2082 802 688 176 -1 -1 0
t 2114 802 688 176 -1 -1 0
t 2146 802 688 176 -1 -1 0
t 2178 802 688 176 -1 -1 0
t 2210 802 704 128 -1 -1 1
t 610 834 672 176 -1 -1 1
t 642 834 688 176 -1 -1 0
t 674 834 688 176 -1 -1 0
t 706 834 688 176 -1 -1 0
t 738 834 688 176 -1 -1 0
t 770 834 688 176 -1 -1 0
t 802 834 688 176 -1 -1 0
t 834 834 688 176 -1 -1 0
t 866 834 688 176 -1 -1 0
t 898 834 688 176 -1 -1 0
t 930 834 688 176 672 288 0
t 962 834 688 176 688 288 0
t 994 834 688 176 688 288 0
t 1026 834 688 176 688 288 0
t 1058 834 688 176 704 288 0
t 1090 834 688 176 -1 -1 0
t 1122 834 688 176 -1 -1 0
t 1154 834 688 176 -1 -1 0
t 1186 834 688 176 -1 -1 0
t 1218 834 688 176 -1 -1 0
t 1250 834 688 176 -1 -1 0
t 1282 834 688 176 -1 -1 0
t 1314 834 688 176 -1 -1 0
t 1346 834 688 176 -1 -1 0
t 1378 834 688 176 -1 -1 0
t 1410 834 688 176 -1 -1 0
t 1442 834 688 176 -1 -1 0
t 1474 834 688 176 -1 -1 0
t 1506 834 688 176 -1 -1 0
t 1538 834 688 176 -1 -1 0
t 1570 834 688 176 -1 -1 0
t 1602 834 688 176 -1 -1 0
t 1634 834 688 176 -1 -1 0
t 1666 834 688 176 -1 -1 0
t 1698 834 688 176 -1 -1 0
t 1730 834 688 176 -1 -1 0
t 1762 834 688 176 -1 -1 0
t 1794 834 688 176 -1 -1 0
t 1826 834 688 176 -1 -1 0
t 1858 834 688 176 -1 -1 0
t 1890 834 688 176 -1 -1 0
t 1922 834 688 176 -1 -1 0
t 1954 834 688 176 -1 -1 0
t 1986 834 688 176 -1 -1 0
t 2018 834 688 176 -1 -1 0
t 2050 834 688 176 -1 -1 0
t 2082 834 688 176 -1 -1 0
t 2114 834 688 176 -1 -1 0
t 2146 834 688 176 -1 -1 0
t 2178 834 688 176 -1 -1 0
t 2210 834 704 128 -1 -1 1
t 610 866 672 176 -1 -1 1
t 642 866 688 176 -1 -1 0
t 674 866 688 176 -1 -1 0
t 706 866 688 176 -1 -1 0
t 738 866 688 176 -1 -1 0
t 770 866 688 176 -1 -1 0
t 802 866 688 176 -1 -1 0
t 834 866 688 176 -1 -1 0
t 866 866 688 176 704 208 0
t 898 866 688 176 -1 -1 0
t 930 866 688 176 672 288 0
t 962 866 688 176 688 288 0
t 994 866 688 176 688 288 0
t 1026 866 688 176 688 288 0
t 1058 866 688 176 704 288 0
t 1090 866 688 176 -1 -1 0
t 1122 866 688 176 704 208 0
t 1154 866 688 176 -1 -1 0
t 1186 866 688 176 -1 -1 0
t 1218 866 688 176 -1 -1 0
t 1250 866 688 176 -1 -1 0
t 1282 866 688 176 -1 -1 0
t 1314 866 688 176 -1 -1 0
t 1346 866 688 176 -1 -1 0
t 1378 866 688 176 -1 -1 0
t 1410 866 688 176 -1 -1 0
t 1442 866 688 176 -1 -1 0
t 1474 866 688 176 -1 -1 0
t 1506 866 688 176 -1 -1 0
t 1538 866 688 176 -1 -1 0
t 1570 866 688 176 -1 -1 0
t 1602 866 688 176 -1 -1 0
t 1634 866 688 176 -1 -1 0
t 1666 866 688 176 -1 -1 0
t 1698 866 688 176 -1 -1 0
t 1730 866 688 176 -1 -1 0
t 1762 866 688 176 -1 -1 0
t 1794 866 688 176 -1 -1 0
t 1826 866 688 176 -1 -1 0
t 1858 866 688 176 -1 -1 0
t 1890 866 688 176 -1 -1 0
t 1922 866 688 176 -1 -1 0
t 1954 866 688 176 -1 -1 0
t 1986 866 688 176 -1 -1 0
t 2018 866 688 176 -1 -1 0
t 2050 866 688 176 -1 -1 0
t 2082 866 688 176 -1 -1 0
t 2114 866 688 176 -1 -1 0
t 2146 866 688 176 -1 -1 0
t 2178 866 688 176 -1 -1 0
t 2210 866 704 128 -1 -1 1
t 610 898 672 176 -1 -1 1
t 642 898 688 176 -1 -1 0
t 674 898 688 176 -1 -1 0
t 706 898 688 176 -1 -1 0
t 738 898 688 176 -1 -1 0
t 770 898 688 176 -1 -1 0
t 802 898 688 176 -1 -1 0
t 834 898 688 176 -1 -1 0
t 866 898 688 176 704 224 1
t 898 898 688 176 -1 -1 0
t 930 898 688 176 672 288 0
t 962 898 688 176 688 288 0
t 994 898 688 176 688 288 0
t 1026 898 688 176 688 288 0
t 1058 898 688 176 704 288 0
t 1090 898 688 176 -1 -1 0
t 1122 898 688 176 704 224 1
t 1154 898 688 176 -1 -1 0
t 1186 898 688 176 -1 -1 0
t 1218 898 688 176 -1 -1 0
t 1250 898 688 176 -1 -1 0
t 1282 898 688 176 -1 -1 0
t 1314 898 688 176 -1 -1 0
t 1346 898 688 176 -1 -1 0
t 1378 898 688 176 -1 -1 0
t 1410 898 688 176 -1 -1 0
t 1442 898 688 176 -1 -1 0
t 1474 898 688 176 -1 -1 0
t 1506 898 688 176 -1 -1 0
t 1538 898 688 176 -1 -1 0
t 1570 898 736 112 -1 -1 0
t 1602 898 736 112 -1 -1 0
t 1634 898 736 112 -1 -1 0
t 1666 898 736 112 -1 -1 0
t 1698 898 736 112 -1 -1 0
t 1730 898 736 112 -1 -1 0
t 1762 898 736 112 -1 -1 0
t 1794 898 736 112 -1 -1 0
t 1826 898 736 112 -1 -1 0
t 1858 898 736 112 -1 -1 0
t 1890 898 736 112 -1 -1 0
t 1922 898 736 112 -1 -1 0
t 1954 898 736 112 -1 -1 0
t 1986 898 736 112 -1 -1 0
t 2018 898 736 112 -1 -1 0
t 2050 898 688 176 -1 -1 0
t 2082 898 688 176 -1 -1 0
t 2114 898 688 176 -1 -1 0
t 2146 898 688 176 -1 -1 0
t 2178 898 688 176 -1 -1 0
t 2210 898 704 128 -1 -1 1
t 610 930 672 176 -1 -1 1
t 642 930 688 176 -1 -1 0
t 674 930 688 176 -1 -1 0
t 706 930 688 176 -1 -1 0
t 738 930 688 176 -1 -1 0
t 770 930 688 176 -1 -1 0
t 802 930 688 176 -1 -1 0
t 834 930 688 176 -1 -1 0
t 866 930 688 176 -1 -1 0
t 898 930 688 176 -1 -1 0
t 930 930 688 176 672 288 0
t 962 930 688 176 688 288 0
t 994 930 688 176 688 288 0
t 1026 930 688 176 688 288 0
t 1058 930 688 176 704 288 0
t 1090 930 688 176 -1 -1 0
t 1122 930 688 176 -1 -1 0
t 1154 930 688 176 -1 -1 0
t 1186 930 688 176 -1 -1 0
t 1218 930 688 176 -1 -1 0
t 1250 930 688 176 -1 -1 0
t 1282 930 688 176 -1 -1 0
t 1314 930 688 176 -1 -1 0
t 1346 930 688 176 -1 -1 0
t 1378 930 688 176 -1 -1 0
t 1410 930 688 176 -1 -1 0
t 1442 930 688 176 -1 -1 0
t 1474 930 688 176 -1 -1 0
t 1506 930 688 176 -1 -1 0
t 1538 930 688 176 -1 -1 0
t 1570 930 688 176 -1 -1 0
t 1602 930 688 176 -1 -1 0
t 1634 930 688 176 -1 -1 0
t 1666 930 688 176 -1 -1 0
t 1698 930 688 176 -1 -1 0
t 1730 930 688 176 -1 -1 0
t 1762 930 688 176 -1 -1 0
t 1794 930 688 176 -1 -1 0
t 1826 930 688 176 -1 -1 0
t 1858 930 688 176 -1 -1 0
t 1890 930 688 176 -1 -1 0
t 1922 930 688 176 -1 -1 0
t 1954 930 688 176 -1 -1 0
t 1986 930 688 176 -1 -1 0
t 2018 930 688 176 -1 -1 0
t 2050 930 688 176 -1 -1 0
t 2082 930 688 176 -1 -1 0
t 2114 930 688 176 -1 -1 0
t 2146 930 688 176 -1 -1 0
t 2178 930 688 176 -1 -1 0
t 2210 930 704 128 -1 -1 1
t 610 962 672 176 -1 -1 1
t 642 962 688 176 -1 -1 0
t 674 962 688 176 -1 -1 0
t 706 962 688 176 -1 -1 0
t 738 962 688 176 -1 -1 0
t 770 962 688 176 -1 -1 0
t 802 962 688 176 -1 -1 0
t 834 962 688 176 -1 -1 0
t 866 962 688 176 704 208 0
t 898 962 688 176 -1 -1 0
t 930 962 688 176 672 288 0
t 962 962 688 176 688 288 0
t 994 962 688 176 688 288 0
t 1026 962 688 176 688 288 0
t 1058 962 688 176 704 288 0
t 1090 962 688 176 -1 -1 0
t 1122 962 688 176 704 208 0
t 1154 962 688 176 -1 -1 0
t 1186 962 688 176 -1 -1 0
t 1218 962 688 176 -1 -1 0
t 1250 962 688 176 -1 -1 0
t 1282 962 688 176 -1 -1 0
t 1314 962 688 176 -1 -1 0
t 1346 962 688 176 -1 -1 0
t 1378 962 688 176 -1 -1 0
t 1410 962 688 176 -1 -1 0
t 1442 962 688 176 -1 -1 0
t 1474 962 688 176 -1 -1 0
t 1506 962 688 176 -1 -1 0
t 1538 962 688 176 -1 -1 0
t 1570 962 688 176 -1 -1 0
t 1602 962 688 176 -1 -1 0
t 1634 962 688 176 -1 -1 0
t 1666 962 688 176 -1 -1 0
t 1698 962 688 176 -1 -1 0
t 1730 962 688 176 -1 -1 0
t 1762 962 688 176 -1 -1 0
t 1794 962 688 176 -1 -1 0
t 1826 962 688 176 -1 -1 0
t 1858 962 688 176 -1 -1 0
t 1890 962 688 176 -1 -1 0
t 1922 962 688 176 -1 -1 0
t 1954 962 688 176 -1 -1 0
t 1986 962 688 176 -1 -1 0
t 2018 962 688 176 -1 -1 0
t 2050 962 688 176 -1 -1 0
t 2082 962 688 176 -1 -1 0
t 2114 962 688 176 -1 -1 0
t 2146 962 688 176 -1 -1 0
t 2178 962 688 176 -1 -1 0
t 2210 962 704 128 -1 -1 1
t 610 994 672 176 -1 -1 1
t 642 994 688 176 -1 -1 0
t 674 994 688 176 -1 -1 0
t 706 994 688 176 -1 -1 0
t 738 994 688 176 -1 -1 0
t 770 994 688 176 -1 -1 0
t 802 994 688 176 -1 -1 0
t 834 994 688 176 -1 -1 0
t 866 994 688 176 704 224 1
t 898 994 688 176 -1 -1 0
t 930 994 688 176 672 288 0
t 962 994 688 176 688 288 0
t 994 994 688 176 688 288 0
t 1026 994 688 176 688 288 0
t 1058 994 688 176 704 288 0
t 1090 994 688 176 -1 -1 0
t 1122 994 688 176 704 224 1
t 1154 994 688 176 -1 -1 0
t 1186 994 688 176 -1 -1 0
t 1218 994 688 176 -1 -1 0
t 1250 994 688 176 -1 -1 0
t 1282 994 688 176 -1 -1 0
t 1314 994 688 176 -1 -1 0
t 1346 994 688 176 -1 -1 0
t 1378 994 688 176 -1 -1 0
t 1410 994 688 176 -1 -1 0
t 1442 994 688 176 -1 -1 0
t 1474 994 688 176 -1 -1 0
t 1506 994 688 176 -1 -1 0
t 1538 994 688 176 -1 -1 0
t 1570 994 688 176 -1 -1 0
t 1602 994 688 176 -1 -1 0
t 1634 994 688 176 -1 -1 0
t 1666 994 688 176 -1 -1 0
t 1698 994 688 176 -1 -1 0
t 1730 994 688 176 -1 -1 0
t 1762 994 688 176 -1 -1 0
t 1794 994 688 176 -1 -1 0
t 1826 994 688 176 -1 -1 0
t 1858 994 688 176 -1 -1 0
t 1890 994 688 176 -1 -1 0
t 1922 994 688 176 -1 -1 0
t 1954 994 688 176 -1 -1 0
t 1986 994 688 176 -1 -1 0
t 2018 994 688 176 -1 -1 0
t 2050 994 688 176 -1 -1 0
t 2082 994 688 176 -1 -1 0
t 2114 994 688 176 -1 -1 0
t 2146 994 688 176 -1 -1 0
t 2178 994 688 176 -1 -1 0
t 2210 994 704 128 -1 -1 1
t 610 1026 672 176 -1 -1 1
t 642 1026 688 176 -1 -1 0
t 674 1026 688 176 -1 -1 0
t 706 1026 688 176 -1 -1 0
t 738 1026 688 176 -1 -1 0
t 770 1026 688 176 -1 -1 0
t 802 1026 688 176 -1 -1 0
t 834 1026 688 176 -1 -1 0
t 866 1026 688 176 -1 -1 0
t 898 1026 688 176 -1 -1 0
t 930 1026 688 176 672 304 0
t 962 1026 688 176 688 304 0
t 994 1026 688 176 688 304 0
t 1026 1026 688 176 688 304 0
t 1058 1026 688 176 704 304 0
t 1090 1026 688 176 -1 -1 0
t 1122 1026 688 176 -1 -1 0
t 1154 1026 688 176 -1 -1 0
t 1186 1026 688 176 -1 -1 0
t 1218 1026 688 176 -1 -1 0
t 1250 1026 688 176 -1 -1 0
t 1282 1026 688 176 -1 -1 0
t 1314 1026 688 176 -1 -1 0
t 1346 1026 688 176 -1 -1 0
t 1378 1026 688 176 -1 -1 0
t 1410 1026 688 176 -1 -1 0
t 1442 1026 688 176 -1 -1 0
t 1474 1026 688 176 -1 -1 0
t 1506 1026 688 176 -1 -1 0
t 1538 1026 688 176 -1 -1 0
t 1570 1026 688 176 -1 -1 0
t 1602 1026 688 176 -1 -1 0
t 1634 1026 688 176 -1 -1 0
t 1666 1026 688 176 -1 -1 0
t 1698 1026 688 176 -1 -1 0
t 1730 1026 688 176 -1 -1 0
t 1762 1026 688 176 -1 -1 0
t 1794 1026 688 176 -1 -1 0
t 1826 1026 688 176 -1 -1 0
t 1858 1026 688 176 -1 -1 0
t 1890 1026 688 176 -1 -1 0
t 1922 1026 688 176 -1 -1 0
t 1954 1026 688 176 -1 -1 0
t 1986 1026 688 176 -1 -1 0
t 2018 1026 688 176 -1 -1 0
t 2050 1026 688 176 -1 -1 0
t 2082 1026 688 176 -1 -1 0
t 2114 1026 688 176 -1 -1 0
t 2146 1026 688 176 -1 -1 0
t 2178 1026 688 176 -1 -1 0
t 2210 1026 704 128 -1 -1 1
t 610 1058 672 176 -1 -1 1
t 642 1058 688 176 -1 -1 0
t 674 1058 688 176 -1 -1 0
t 706 1058 688 176 -1 -1 0
t 738 1058 688 176 -1 -1 0
t 770 1058 688 176 -1 -1 0
t 802 1058 688 176 -1 -1 0
t 834 1058 688 176 -1 -1 0
t 866 1058 688 176 -1 -1 0
t 898 1058 688 176 -1 -1 0
t 930 1058 688 176 -1 -1 0
t 962 1058 688 176 -1 -1 0
t 994 1058 688 176 -1 -1 0
t 1026 1058 688 176 -1 -1 0
t 1058 1058 688 176 -1 -1 0
t 1090 1058 688 176 -1 -1 0
t 1122 1058 688 176 -1 -1 0
t 1154 1058 688 176 -1 -1 0
t 1186 1058 688 176 -1 -1 0
t 1218 1058 688 176 -1 -1 0
t 1250 1058 688 176 -1 -1 0
t 1282 1058 688 176 -1 -1 0
t 1314 1058 688 176 -1 -1 0
t 1346 1058 688 176 -1 -1 0
t 1378 1058 688 176 -1 -1 0
t 1410 1058 688 176 -1 -1 0
t 1442 1058 688 176 -1 -1 0
t 1474 1058 688 176 -1 -1 0
t 1506 1058 688 176 -1 -1 0
t 1538 1058 688 176 -1 -1 0
t 1570 1058 688 176 -1 -1 0
t 1602 1058 688 176 -1 -1 0
t 1634 1058 688 176 -1 -1 0
t 1666 1058 688 176 -1 -1 0
t 1698 1058 688 176 -1 -1 0
t 1730 1058 688 176 -1 -1 0
t 1762 1058 688 176 -1 -1 0
t 1794 1058 688 176 -1 -1 0
t 1826 1058 688 176 -1 -1 0
t 1858 1058 688 176 -1 -1 0
t 1890 1058 688 176 -1 -1 0
t 1922 1058 688 176 -1 -1 0
t 1954 1058 688 176 -1 -1 0
t 1986 1058 688 176 -1 -1 0
t 2018 1058 688 176 -1 -1 0
t 2050 1058 688 176 -1 -1 0
t 2082 1058 688 176 -1 -1 0
t 2114 1058 688 176 -1 -1 0
t 2146 1058 688 176 -1 -1 0
t 2178 1058 688 176 -1 -1 0
t 2210 1058 704 128 -1 -1 1
t 610 1090 0 0 672 192 1
t 642 1090 768 192 -1 -1 1
t 674 1090 768 192 -1 -1 1
t 706 1090 768 192 -1 -1 1
t 738 1090 768 192 -1 -1 1
t 770 1090 768 192 -1 -1 1
t 802 1090 768 192 -1 -1 1
t 834 1090 768 192 -1 -1 1
t 866 1090 768 192 -1 -1 1
t 898 1090 768 192 -1 -1 1
t 930 1090 768 192 -1 -1 1
t 962 1090 768 192 -1 -1 1
t 994 1090 768 192 -1 -1 1
t 1026 1090 768 192 -1 -1 1
t 1058 1090 768 192 -1 -1 1
t 1090 1090 768 192 -1 -1 1
t 1122 1090 768 192 -1 -1 1
t 1154 1090 768 192 -1 -1 1
t 1186 1090 768 192 -1 -1 1
t 1218 1090 768 192 -1 -1 1
t 1250 1090 768 192 -1 -1 1
t 1282 1090 768 192 -1 -1 1
t 1314 1090 768 192 -1 -1 1
t 1346 1090 768 192 -1 -1 1
t 1378 1090 768 192 -1 -1 1
t 1410 1090 768 192 -1 -1 1
t 1442 1090 768 192 -1 -1 1
t 1474 1090 768 192 -1 -1 1
t 1506 1090 768 192 -1 -1 1
t 1538 1090 768 192 -1 -1 1
t 1570 1090 768 192 -1 -1 1
t 1602 1090 768 192 -1 -1 1
t 1634 1090 768 192 -1 -1 1
t 1666 1090 768 192 -1 -1 1
t 1698 1090 768 192 -1 -1 1
t 1730 1090 768 192 -1 -1 1
t 1762 1090 768 192 -1 -1 1
t 1794 1090 768 192 -1 -1 1
t 1826 1090 768 192 -1 -1 1
t 1858 1090 768 192 -1 -1 1
t 1890 1090 768 192 -1 -1 1
t 1922 1090 768 192 -1 -1 1
t 1954 1090 768 192 -1 -1 1
t 1986 1090 768 192 -1 -1 1
t 2018 1090 768 192 -1 -1 1
t 2050 1090 768 192 -1 -1 1
t 2082 1090 768 192 -1 -1 1
t 2114 1090 768 192 -1 -1 1
t 2146 1090 768 192 -1 -1 1
t 2178 1090 768 192 -1 -1 1
t 2210 1090 704 192 -1 -1 1
t 1250 1218 720 112 -1 -1 0
t 3170 1314 720 112 -1 -1 0
t 1666 1346 672 384 -1 -1 0
t 3106 1442 720 112 -1 -1 0
t 3106 1570 720 112 -1 -1 1
spritesheet_path ../../res/Tiles/tileset.png