t 98 2 704 176 784 192 1
t 130 2 688 192 784 192 1
t 162 2 688 192 784 192 1
t 194 2 688 192 784 192 1
t 226 2 688 192 784 192 1
t 258 2 688 192 784 192 1
t 290 2 688 192 784 192 1
t 322 2 688 192 784 192 1
t 354 2 688 192 784 192 1
t 386 2 688 192 784 192 1
t 418 2 688 192 784 192 1
t 450 2 688 192 784 192 1
t 482 2 688 192 784 192 1
t 514 2 688 192 784 192 1
t 546 2 688 192 784 192 1
t 578 2 688 192 784 192 1
t 610 2 688 192 784 192 1
t 642 2 752 176 752 192 1
t 98 34 704 176 784 192 1
t 130 34 672 112 -1 -1 1
t 162 34 688 112 -1 -1 1
t 194 34 688 112 -1 -1 1
t 226 34 688 112 -1 -1 1
t 258 34 688 112 -1 -1 1
t 290 34 688 112 -1 -1 1
t 322 34 688 112 -1 -1 1
t 354 34 688 112 -1 -1 1
t 386 34 688 112 -1 -1 1
t 418 34 688 112 -1 -1 1
t 450 34 688 112 -1 -1 1
t 482 34 688 112 -1 -1 1
t 514 34 688 112 -1 -1 1
t 546 34 688 112 -1 -1 1
t 578 34 688 112 -1 -1 1
t 610 34 704 112 -1 -1 1
t 642 34 752 176 752 192 1
t 98 66 704 176 784 192 1
t 130 66 672 176 -1 -1 1
t 162 66 688 128 -1 -1 1
t 194 66 688 128 -1 -1 1
t 226 66 688 128 -1 -1 1
t 258 66 688 128 -1 -1 1
t 290 66 736 208 -1 -1 1
t 322 66 752 208 -1 -1 1
t 354 66 688 128 -1 -1 1
t 386 66 688 128 -1 -1 1
t 418 66 688 128 -1 -1 1
t 450 66 736 208 -1 -1 1
t 482 66 752 208 -1 -1 1
t 514 66 688 128 -1 -1 1
t 546 66 688 128 -1 -1 1
t 578 66 688 128 -1 -1 1
t 610 66 704 176 -1 -1 1
t 642 66 752 176 752 192 1
t 98 98 704 176 784 192 1
t 130 98 672 176 -1 -1 1
t 162 98 688 144 -1 -1 1
t 194 98 688 144 -1 -1 1
t 226 98 688 144 -1 -1 1
t 258 98 688 144 -1 -1 1
t 290 98 736 224 -1 -1 1
t 322 98 752 224 -1 -1 1
t 354 98 688 144 -1 -1 1
t 386 98 688 144 -1 -1 1
t 418 98 688 144 -1 -1 1
t 450 98 736 224 -1 -1 1
t 482 98 752 224 -1 -1 1
t 514 98 688 144 -1 -1 1
t 546 98 688 144 -1 -1 1
t 578 98 688 144 -1 -1 1
t 610 98 704 176 -1 -1 1
t 642 98 752 176 752 192 1
t 98 130 704 176 784 192 1
t 130 130 672 176 -1 -1 1
t 162 130 736 112 -1 -1 0
t 194 130 736 112 -1 -1 0
t 226 130 736 112 -1 -1 0
t 258 130 736 112 -1 -1 0
t 290 130 736 112 -1 -1 0
t 322 130 736 112 -1 -1 0
t 354 130 736 112 -1 -1 0
t 386 130 736 112 -1 -1 0
t 418 130 736 112 -1 -1 0
t 450 130 736 112 -1 -1 0
t 482 130 736 112 -1 -1 0
t 514 130 736 112 -1 -1 0
t 546 130 736 112 -1 -1 0
t 578 130 736 112 -1 -1 0
t 610 130 704 176 -1 -1 1
t 642 130 752 176 752 192 1
t 98 162 704 176 784 192 1
t 130 162 672 176 -1 -1 1
t 162 162 736 112 -1 -1 0
t 194 162 736 112 -1 -1 0
t 226 162 736 112 -1 -1 0
t 258 162 736 112 -1 -1 0
t 290 162 736 112 -1 -1 0
t 322 162 736 112 -1 -1 0
t 354 162 736 112 -1 -1 0
t 386 162 736 112 -1 -1 0
t 418 162 736 112 784 240 1
t 450 162 736 112 720 256 1
t 482 162 736 112 -1 -1 0
t 514 162 736 112 -1 -1 0
t 546 162 736 112 -1 -1 0
t 578 162 736 112 -1 -1 0
t 610 162 704 176 -1 -1 1
t 642 162 752 176 752 192 1
t 98 194 704 176 784 192 1
t 130 194 672 176 -1 -1 1
t 162 194 736 112 -1 -1 0
t 194 194 736 112 -1 -1 0
t 226 194 736 112 -1 -1 0
t 258 194 736 112 -1 -1 0
t 290 194 736 112 -1 -1 0
t 322 194 736 112 -1 -1 0
t 354 194 736 112 -1 -1 0
t 386 194 736 112 -1 -1 0
t 418 194 736 112 784 256 1
t 450 194 736 112 -1 -1 0
t 482 194 736 112 -1 -1 0
t 514 194 736 112 -1 -1 0
t 546 194 736 112 720 112 0
t 578 194 736 112 -1 -1 0
t 610 194 704 176 -1 -1 1
t 642 194 752 176 752 192 1
t 98 226 704 176 784 192 1
t 130 226 672 176 -1 -1 1
t 162 226 736 112 -1 -1 0
t 194 226 736 112 720 208 1
t 226 226 736 112 672 208 1
t 258 226 736 112 688 208 1
t 290 226 736 112 720 224 1
t 322 226 736 112 -1 -1 0
t 354 226 736 112 -1 -1 0
t 386 226 736 112 -1 -1 0
t 418 226 736 112 784 272 1
t 450 226 736 112 800 272 1
t 482 226 736 112 800 272 1
t 514 226 736 112 800 272 1
t 546 226 736 112 800 240 1
t 578 226 736 112 -1 -1 0
t 610 226 704 176 -1 -1 1
t 642 226 752 176 752 192 1
t 98 258 704 176 784 192 1
t 130 258 672 176 -1 -1 1
t 162 258 736 112 -1 -1 0
t 194 258 736 112 720 208 1
t 226 258 736 112 672 224 1
t 258 258 736 112 688 224 1
t 290 258 736 112 720 224 1
t 322 258 736 112 -1 -1 0
t 354 258 736 112 -1 -1 0
t 386 258 736 112 -1 -1 0
t 418 258 736 112 -1 -1 0
t 450 258 736 112 -1 -1 0
t 482 258 736 112 -1 -1 0
t 514 258 736 112 -1 -1 0
t 546 258 736 112 -1 -1 0
t 578 258 736 112 -1 -1 0
t 610 258 704 176 -1 -1 1
t 642 258 752 176 752 192 1
t 98 290 704 176 784 192 1
t 130 290 672 176 -1 -1 1
t 162 290 736 112 -1 -1 0
t 194 290 736 112 -1 -1 0
t 226 290 736 112 -1 -1 0
t 258 290 736 112 -1 -1 0
t 290 290 736 112 -1 -1 0
t 322 290 736 112 -1 -1 0
t 354 290 736 112 -1 -1 0
t 386 290 736 112 -1 -1 0
t 418 290 736 112 -1 -1 0
t 450 290 736 112 -1 -1 0
t 482 290 736 112 -1 -1 0
t 514 290 736 112 -1 -1 0
t 546 290 736 112 -1 -1 0
t 578 290 736 112 -1 -1 0
t 610 290 704 176 -1 -1 1
t 642 290 752 176 752 192 1
t 98 322 704 176 784 192 1
t 130 322 672 176 -1 -1 1
t 162 322 736 112 -1 -1 0
t 194 322 736 112 -1 -1 0
t 226 322 736 112 -1 -1 0
t 258 322 736 112 -1 -1 0
t 290 322 736 112 -1 -1 0
t 322 322 736 112 -1 -1 0
t 354 322 736 112 -1 -1 0
t 386 322 736 112 -1 -1 0
t 418 322 736 112 -1 -1 0
t 450 322 736 112 -1 -1 0
t 482 322 736 112 -1 -1 0
t 514 322 736 112 -1 -1 0
t 546 322 736 112 -1 -1 0
t 578 322 736 112 -1 -1 0
t 610 322 704 176 -1 -1 1
t 642 322 752 176 752 192 1
t 98 354 704 176 784 192 1
t 130 354 672 176 -1 -1 1
t 162 354 736 112 -1 -1 0
t 194 354 736 112 -1 -1 0
t 226 354 736 112 -1 -1 0
t 258 354 736 112 -1 -1 0
t 290 354 736 112 -1 -1 0
t 322 354 736 112 672 272 0
t 354 354 736 112 688 272 0
t 386 354 736 112 688 272 0
t 418 354 736 112 704 272 0
t 450 354 736 112 -1 -1 0
t 482 354 736 112 -1 -1 0
t 514 354 736 112 816 240 1
t 546 354 736 112 -1 -1 0
t 578 354 736 112 -1 -1 0
t 610 354 704 176 -1 -1 1
t 642 354 752 176 752 192 1
t 98 386 704 176 784 192 1
t 130 386 672 176 -1 -1 1
t 162 386 736 112 -1 -1 0
t 194 386 736 112 -1 -1 0
t 226 386 736 112 -1 -1 0
t 258 386 736 112 -1 -1 0
t 290 386 736 112 -1 -1 0
t 322 386 736 112 672 288 0
t 354 386 736 112 688 288 0
t 386 386 736 112 688 288 0
t 418 386 736 112 704 288 0
t 450 386 736 112 -1 -1 0
t 482 386 736 112 -1 -1 0
t 514 386 736 112 816 256 1
t 546 386 736 112 -1 -1 0
t 578 386 736 112 -1 -1 0
t 610 386 704 176 -1 -1 1
t 642 386 752 176 752 192 1
t 98 418 704 176 784 192 1
t 130 418 672 176 -1 -1 1
t 162 418 736 112 -1 -1 0
t 194 418 736 112 -1 -1 0
t 226 418 736 112 -1 -1 0
t 258 418 736 112 -1 -1 0
t 290 418 736 112 -1 -1 0
t 322 418 736 112 672 288 0
t 354 418 736 112 688 288 0
t 386 418 736 112 688 288 0
t 418 418 736 112 704 288 0
t 450 418 736 112 -1 -1 0
t 482 418 736 112 800 256 1
t 514 418 736 112 816 272 1
t 546 418 720 112 -1 -1 0
t 578 418 720 112 -1 -1 0
t 610 418 704 176 -1 -1 1
t 642 418 752 176 752 192 1
t 98 450 704 176 784 192 1
t 130 450 672 176 -1 -1 1
t 162 450 736 112 704 208 0
t 194 450 736 112 752 256 1
t 226 450 736 112 752 272 1
t 258 450 736 112 752 240 1
t 290 450 736 112 -1 -1 0
t 322 450 736 112 672 304 0
t 354 450 736 112 688 304 0
t 386 450 736 112 688 304 0
t 418 450 736 112 704 304 0
t 450 450 736 112 -1 -1 0
t 482 450 736 112 -1 -1 0
t 514 450 736 112 -1 -1 0
t 546 450 720 112 -1 -1 0
t 578 450 720 112 704 208 0
t 610 450 704 176 -1 -1 1
t 642 450 752 176 752 192 1
t 98 482 704 176 784 192 1
t 130 482 672 176 -1 -1 1
t 162 482 736 112 704 224 1
t 194 482 736 112 720 112 1
t 226 482 736 112 720 112 0
t 258 482 736 112 720 112 0
t 290 482 736 112 720 112 0
t 322 482 736 112 720 112 0
t 354 482 736 112 720 112 0
t 386 482 736 112 720 112 0
t 418 482 736 112 720 112 0
t 450 482 736 112 720 112 0
t 482 482 736 112 720 112 0
t 514 482 720 112 -1 -1 0
t 546 482 720 112 -1 -1 0
t 578 482 720 112 704 224 1
t 610 482 704 176 -1 -1 1
t 642 482 752 176 752 192 1
t 98 514 704 176 784 192 1
t 130 514 672 192 -1 -1 1
t 162 514 688 192 -1 -1 1
t 194 514 688 192 -1 -1 1
t 226 514 688 192 -1 -1 1
t 258 514 688 192 -1 -1 1
t 290 514 688 192 -1 -1 1
t 322 514 688 192 -1 -1 1
t 354 514 0 0 720 128 0
t 386 514 0 0 736 128 0
t 418 514 688 192 -1 -1 1
t 450 514 688 192 -1 -1 1
t 482 514 688 192 -1 -1 1
t 514 514 688 192 -1 -1 1
t 546 514 688 192 -1 -1 1
t 578 514 688 192 -1 -1 1
t 610 514 704 192 -1 -1 1
t 642 514 752 176 752 192 1
t 98 546 704 176 784 192 1
t 130 546 688 112 784 112 1
t 162 546 688 112 784 112 1
t 194 546 688 112 784 112 1
t 226 546 688 112 784 112 1
t 258 546 688 112 784 112 1
t 290 546 688 112 784 112 1
t 322 546 688 112 -1 -1 1
t 354 546 688 112 -1 -1 1
t 386 546 688 112 -1 -1 1
t 418 546 688 112 -1 -1 1
t 450 546 688 112 784 112 1
t 482 546 688 112 784 112 1
t 514 546 688 112 784 112 1
t 546 546 688 112 784 112 1
t 578 546 688 112 784 112 1
t 610 546 688 112 784 112 1
t 642 546 752 176 752 192 1
spritesheet_path ../../res/Tiles/tileset.png