t 514 194 96 16 -1 -1 0
t 546 194 0 0 -1 -1 0
t 578 194 48 0 -1 -1 0
t 610 194 48 0 -1 -1 0
t 642 194 48 0 -1 -1 0
t 674 194 0 0 -1 -1 0
t 706 194 0 0 -1 -1 0
t 738 194 48 0 -1 -1 0
t 770 194 48 0 -1 -1 0
t 802 194 48 0 -1 -1 0
t 834 194 48 0 -1 -1 0
t 866 194 48 0 -1 -1 0
t 898 194 48 0 -1 -1 0
t 930 194 48 0 -1 -1 0
t 962 194 0 0 -1 -1 0
t 994 194 0 0 -1 -1 0
t 1026 194 48 0 -1 -1 0
t 1058 194 48 0 -1 -1 0
t 1090 194 0 0 -1 -1 0
t 1122 194 0 0 -1 -1 0
t 1154 194 128 16 -1 -1 0
t 1186 194 96 16 -1 -1 0
t 1218 194 0 0 -1 -1 0
t 1250 194 0 0 96 304 0
t 1282 194 0 0 112 304 0
t 1314 194 0 0 -1 -1 0
t 1346 194 0 0 96 352 0
t 1378 194 0 0 112 304 0
t 1410 194 0 0 -1 -1 0
t 514 226 96 32 -1 -1 0
t 546 226 0 0 -1 -1 0
t 578 226 48 0 -1 -1 0
t 610 226 48 0 -1 -1 0
t 642 226 48 0 -1 -1 0
t 674 226 0 0 -1 -1 0
t 706 226 0 0 -1 -1 0
t 738 226 48 0 -1 -1 0
t 770 226 48 0 -1 -1 0
t 802 226 48 0 -1 -1 0
t 834 226 64 32 -1 -1 0
t 866 226 48 0 -1 -1 0
t 898 226 48 0 -1 -1 0
t 930 226 48 0 -1 -1 0
t 962 226 0 0 -1 -1 0
t 994 226 0 0 -1 -1 0
t 1026 226 48 0 -1 -1 0
t 1058 226 48 0 -1 -1 0
t 1090 226 0 0 -1 -1 0
t 1122 226 0 0 -1 -1 0
t 1154 226 128 32 -1 -1 0
t 1186 226 96 32 -1 -1 0
t 1218 226 0 0 -1 -1 0
t 1250 226 0 0 96 320 0
t 1282 226 0 0 112 320 0
t 1314 226 0 0 -1 -1 0
t 1346 226 0 0 96 320 0
t 1378 226 0 0 112 320 0
t 1410 226 0 0 -1 -1 0
t 514 258 96 32 -1 -1 0
t 546 258 0 0 -1 -1 0
t 578 258 48 0 -1 -1 0
t 610 258 48 0 -1 -1 0
t 642 258 48 0 -1 -1 0
t 674 258 0 0 -1 -1 0
t 706 258 0 0 -1 -1 0
t 738 258 48 0 -1 -1 0
t 770 258 48 0 -1 -1 0
t 802 258 48 0 -1 -1 0
t 834 258 48 0 -1 -1 0
t 866 258 48 0 -1 -1 0
t 898 258 48 0 -1 -1 0
t 930 258 48 0 -1 -1 0
t 962 258 0 0 -1 -1 0
t 994 258 0 0 -1 -1 0
t 1026 258 48 0 -1 -1 0
t 1058 258 48 0 -1 -1 0
t 1090 258 0 0 -1 -1 0
t 1122 258 0 0 -1 -1 0
t 1154 258 128 32 -1 -1 0
t 1186 258 96 32 -1 -1 0
t 1218 258 0 0 -1 -1 0
t 1250 258 0 0 96 336 0
t 1282 258 0 0 112 336 0
t 1314 258 0 0 -1 -1 0
t 1346 258 0 0 96 336 0
t 1378 258 0 0 112 336 0
t 1410 258 0 0 -1 -1 0
t 482 290 0 0 -1 -1 1
t 514 290 96 48 -1 -1 1
t 546 290 112 48 -1 -1 1
t 578 290 112 48 -1 -1 1
t 610 290 112 48 -1 -1 1
t 642 290 112 48 -1 -1 1
t 674 290 112 48 -1 -1 1
t 706 290 112 48 -1 -1 1
t 738 290 112 48 -1 -1 1
t 770 290 112 48 -1 -1 1
t 802 290 112 48 -1 -1 1
t 834 290 112 48 -1 -1 1
t 866 290 112 48 -1 -1 1
t 898 290 112 48 -1 -1 1
t 930 290 112 48 -1 -1 1
t 962 290 112 48 -1 -1 1
t 994 290 112 48 -1 -1 1
t 1026 290 112 48 -1 -1 1
t 1058 290 112 48 -1 -1 1
t 1090 290 112 48 -1 -1 1
t 1122 290 112 48 -1 -1 1
t 1154 290 128 48 -1 -1 1
t 1186 290 96 48 -1 -1 1
t 1218 290 112 48 -1 -1 1
t 1250 290 112 48 -1 -1 1
t 1282 290 112 48 -1 -1 1
t 1314 290 112 48 -1 -1 1
t 1346 290 112 48 -1 -1 1
t 1378 290 112 48 -1 -1 1
t 1410 290 112 48 -1 -1 1
t 1442 290 0 0 -1 -1 1
t 482 322 0 0 -1 -1 1
t 514 322 32 16 -1 -1 0
t 546 322 0 0 -1 -1 0
t 578 322 0 0 -1 -1 0
t 610 322 0 0 -1 -1 0
t 642 322 0 16 -1 -1 0
t 674 322 16 16 -1 -1 0
t 706 322 16 16 -1 -1 0
t 738 322 16 16 -1 -1 0
t 770 322 16 16 -1 -1 0
t 802 322 16 16 -1 -1 0
t 834 322 16 16 -1 -1 0
t 866 322 16 16 -1 -1 0
t 898 322 16 16 -1 -1 0
t 930 322 16 16 -1 -1 0
t 962 322 16 16 -1 -1 0
t 994 322 16 16 -1 -1 0
t 1026 322 16 16 -1 -1 0
t 1058 322 16 16 -1 -1 0
t 1090 322 16 16 -1 -1 0
t 1122 322 16 16 -1 -1 0
t 1154 322 16 16 -1 -1 0
t 1186 322 16 16 -1 -1 0
t 1218 322 16 16 -1 -1 0
t 1250 322 16 16 -1 -1 0
t 1282 322 32 16 -1 -1 0
t 1314 322 0 0 -1 -1 0
t 1346 322 0 0 -1 -1 0
t 1378 322 0 0 -1 -1 0
t 1410 322 0 16 -1 -1 0
t 1442 322 0 0 -1 -1 1
t 482 354 0 0 -1 -1 1
t 514 354 48 32 -1 -1 0
t 546 354 0 0 -1 -1 0
t 578 354 0 0 -1 -1 0
t 610 354 0 0 -1 -1 0
t 642 354 0 32 -1 -1 0
t 674 354 16 0 -1 -1 0
t 706 354 16 0 -1 -1 0
t 738 354 16 0 -1 -1 0
t 770 354 16 0 -1 -1 0
t 802 354 16 0 -1 -1 0
t 834 354 16 0 -1 -1 0
t 866 354 16 0 -1 -1 0
t 898 354 16 0 -1 -1 0
t 930 354 16 0 -1 -1 0
t 962 354 16 0 -1 -1 0
t 994 354 16 0 -1 -1 0
t 1026 354 16 0 -1 -1 0
t 1058 354 16 0 -1 -1 0
t 1090 354 16 0 -1 -1 0
t 1122 354 16 0 -1 -1 0
t 1154 354 16 0 -1 -1 0
t 1186 354 16 0 -1 -1 0
t 1218 354 16 0 -1 -1 0
t 1250 354 16 0 -1 -1 0
t 1282 354 32 32 -1 -1 0
t 1314 354 0 0 -1 -1 0
t 1346 354 0 0 -1 -1 0
t 1378 354 0 0 -1 -1 0
t 1410 354 0 32 -1 -1 0
t 1442 354 0 0 -1 -1 1
t 482 386 0 0 -1 -1 1
t 514 386 48 32 -1 -1 0
t 546 386 0 0 -1 -1 0
t 578 386 0 0 -1 -1 0
t 610 386 0 0 -1 -1 0
t 642 386 0 32 -1 -1 0
t 674 386 16 0 -1 -1 0
t 706 386 16 0 -1 -1 0
t 738 386 16 0 -1 -1 0
t 770 386 16 0 -1 -1 0
t 802 386 16 0 -1 -1 0
t 834 386 16 0 -1 -1 0
t 866 386 16 0 -1 -1 0
t 898 386 16 0 -1 -1 0
t 930 386 16 0 -1 -1 0
t 962 386 16 0 -1 -1 0
t 994 386 16 0 -1 -1 0
t 1026 386 16 0 -1 -1 0
t 1058 386 16 0 -1 -1 0
t 1090 386 16 0 -1 -1 0
t 1122 386 16 0 -1 -1 0
t 1154 386 16 0 -1 -1 0
t 1186 386 16 0 -1 -1 0
t 1218 386 16 0 -1 -1 0
t 1250 386 16 0 -1 -1 0
t 1282 386 32 32 -1 -1 0
t 1314 386 0 0 -1 -1 0
t 1346 386 0 0 -1 -1 0
t 1378 386 0 0 -1 -1 0
t 1410 386 0 32 -1 -1 0
t 1442 386 0 0 -1 -1 1
t 482 418 0 0 -1 -1 1
t 514 418 48 32 -1 -1 0
t 546 418 0 0 -1 -1 0
t 578 418 0 0 -1 -1 0
t 610 418 0 0 -1 -1 0
t 642 418 0 32 -1 -1 0
t 674 418 16 0 -1 -1 0
t 706 418 16 0 -1 -1 0
t 738 418 16 0 -1 -1 0
t 770 418 16 0 -1 -1 0
t 802 418 16 0 -1 -1 0
t 834 418 16 0 -1 -1 0
t 866 418 16 0 -1 -1 0
t 898 418 16 0 -1 -1 0
t 930 418 16 0 -1 -1 0
t 962 418 16 0 -1 -1 0
t 994 418 16 0 -1 -1 0
t 1026 418 16 0 -1 -1 0
t 1058 418 16 0 -1 -1 0
t 1090 418 16 0 -1 -1 0
t 1122 418 16 0 -1 -1 0
t 1154 418 16 0 -1 -1 0
t 1186 418 16 0 -1 -1 0
t 1218 418 16 0 -1 -1 0
t 1250 418 16 0 -1 -1 0
t 1282 418 32 32 -1 -1 0
t 1314 418 0 0 -1 -1 0
t 1346 418 0 0 -1 -1 0
t 1378 418 0 0 -1 -1 0
t 1410 418 0 32 -1 -1 0
t 1442 418 0 0 -1 -1 1
t 482 450 0 0 -1 -1 1
t 514 450 32 48 -1 -1 0
t 546 450 0 0 -1 -1 0
t 578 450 0 0 -1 -1 0
t 610 450 0 0 -1 -1 0
t 642 450 0 48 -1 -1 0
t 674 450 16 48 -1 -1 0
t 706 450 16 48 -1 -1 0
t 738 450 16 48 -1 -1 0
t 770 450 16 48 -1 -1 0
t 802 450 16 48 -1 -1 0
t 834 450 16 48 -1 -1 0
t 866 450 16 48 -1 -1 0
t 898 450 16 48 -1 -1 0
t 930 450 16 48 -1 -1 0
t 962 450 16 48 -1 -1 0
t 994 450 16 48 -1 -1 0
t 1026 450 16 48 -1 -1 0
t 1058 450 16 48 -1 -1 0
t 1090 450 16 48 -1 -1 0
t 1122 450 16 48 -1 -1 0
t 1154 450 16 48 -1 -1 0
t 1186 450 16 48 -1 -1 0
t 1218 450 16 48 -1 -1 0
t 1250 450 16 48 -1 -1 0
t 1282 450 32 48 -1 -1 0
t 1314 450 0 0 -1 -1 0
t 1346 450 0 0 -1 -1 0
t 1378 450 0 0 -1 -1 0
t 1410 450 0 48 -1 -1 0
t 1442 450 0 0 -1 -1 1
t 482 482 0 0 -1 -1 1
t 514 482 96 16 -1 -1 1
t 546 482 112 16 -1 -1 1
t 578 482 112 16 -1 -1 1
t 610 482 112 16 -1 -1 1
t 642 482 112 16 -1 -1 1
t 674 482 112 16 -1 -1 1
t 706 482 112 16 -1 -1 1
t 738 482 112 16 -1 -1 1
t 770 482 112 16 -1 -1 1
t 802 482 112 16 -1 -1 1
t 834 482 112 16 -1 -1 1
t 866 482 112 16 -1 -1 1
t 898 482 112 16 -1 -1 1
t 930 482 112 16 -1 -1 1
t 962 482 112 16 -1 -1 1
t 994 482 128 16 -1 -1 1
t 1026 482 96 16 -1 -1 1
t 1058 482 112 16 -1 -1 1
t 1090 482 112 16 -1 -1 1
t 1122 482 112 16 -1 -1 1
t 1154 482 112 16 -1 -1 1
t 1186 482 112 16 -1 -1 1
t 1218 482 112 16 -1 -1 1
t 1250 482 112 16 -1 -1 1
t 1282 482 112 16 -1 -1 1
t 1314 482 112 16 -1 -1 1
t 1346 482 112 16 -1 -1 1
t 1378 482 112 16 -1 -1 1
t 1410 482 112 16 -1 -1 1
t 1442 482 0 0 -1 -1 1
t 514 514 96 32 -1 -1 0
t 546 514 0 0 -1 -1 0
t 578 514 48 0 -1 -1 0
t 610 514 48 0 -1 -1 0
t 642 514 48 0 -1 -1 0
t 674 514 48 0 -1 -1 0
t 706 514 48 0 -1 -1 0
t 738 514 48 0 -1 -1 0
t 770 514 48 0 -1 -1 0
t 802 514 48 0 -1 -1 0
t 834 514 48 0 -1 -1 0
t 866 514 48 0 -1 -1 0
t 898 514 48 0 -1 -1 0
t 930 514 48 0 -1 -1 0
t 962 514 0 0 -1 -1 0
t 994 514 128 32 -1 -1 0
t 1026 514 96 32 -1 -1 0
t 1058 514 0 0 -1 -1 0
t 1090 514 0 0 -1 -1 0
t 1122 514 112 32 96 304 0
t 1154 514 0 0 112 352 0
t 1186 514 0 0 -1 -1 0
t 1218 514 0 0 -1 -1 0
t 1250 514 0 0 96 304 0
t 1282 514 0 0 112 352 0
t 1314 514 0 0 -1 -1 0
t 1346 514 0 0 -1 -1 0
t 1378 514 0 0 96 304 0
t 1410 514 0 0 112 352 0
t 514 546 96 32 -1 -1 0
t 546 546 0 0 -1 -1 0
t 578 546 48 0 -1 -1 0
t 610 546 48 0 -1 -1 0
t 642 546 48 0 -1 -1 0
t 674 546 48 0 -1 -1 0
t 706 546 48 0 -1 -1 0
t 738 546 48 0 -1 -1 0
t 770 546 48 0 -1 -1 0
t 802 546 48 0 -1 -1 0
t 834 546 48 0 -1 -1 0
t 866 546 48 0 -1 -1 0
t 898 546 48 0 -1 -1 0
t 930 546 48 0 -1 -1 0
t 962 546 0 0 -1 -1 0
t 994 546 128 32 -1 -1 0
t 1026 546 96 32 -1 -1 0
t 1058 546 0 0 -1 -1 0
t 1090 546 0 0 -1 -1 0
t 1122 546 112 32 96 320 0
t 1154 546 0 0 112 320 0
t 1186 546 0 0 -1 -1 0
t 1218 546 0 0 -1 -1 0
t 1250 546 0 0 96 320 0
t 1282 546 0 0 112 320 0
t 1314 546 0 0 -1 -1 0
t 1346 546 0 0 -1 -1 0
t 1378 546 0 0 96 320 0
t 1410 546 0 0 112 320 0
t 514 578 96 32 -1 -1 0
t 546 578 112 32 -1 -1 0
t 578 578 48 0 -1 -1 0
t 610 578 48 0 -1 -1 0
t 642 578 48 0 -1 -1 0
t 674 578 48 0 -1 -1 0
t 706 578 48 0 -1 -1 0
t 738 578 48 0 -1 -1 0
t 770 578 48 0 -1 -1 0
t 802 578 48 0 -1 -1 0
t 834 578 48 0 -1 -1 0
t 866 578 48 0 -1 -1 0
t 898 578 48 0 -1 -1 0
t 930 578 48 0 -1 -1 0
t 962 578 112 32 -1 -1 0
t 994 578 128 32 -1 -1 0
t 1026 578 96 32 -1 -1 0
t 1058 578 0 0 -1 -1 0
t 1090 578 0 0 -1 -1 0
t 1122 578 112 32 96 336 0
t 1154 578 0 0 112 336 0
t 1186 578 0 0 -1 -1 0
t 1218 578 112 32 -1 -1 0
t 1250 578 0 0 96 336 0
t 1282 578 0 0 112 336 0
t 1314 578 0 0 -1 -1 0
t 1346 578 0 0 -1 -1 0
t 1378 578 0 0 96 336 0
t 1410 578 0 0 112 336 0
spritesheet_path ../../res/Tiles/tileset.png