t 386 130 0 144
t 418 130 0 144
t 450 130 0 144
t 482 130 0 144
t 514 130 0 144
t 546 130 0 144
t 578 130 0 144
t 610 130 0 144
t 642 130 0 144
t 322 162 0 144
t 354 162 0 144
t 386 162 0 144
t 674 162 0 144
t 706 162 0 144
t 738 162 0 144
t 290 194 0 144
t 322 194 0 144
t 578 194 0 144
t 610 194 0 144
t 642 194 0 144
t 674 194 0 144
t 706 194 0 144
t 738 194 0 144
t 770 194 0 144
t 802 194 0 144
t 290 226 0 144
t 482 226 0 144
t 514 226 0 144
t 546 226 0 144
t 578 226 0 144
t 610 226 0 144
t 642 226 0 144
t 674 226 0 144
t 706 226 0 144
t 738 226 0 144
t 770 226 0 144
t 802 226 0 144
t 834 226 0 144
t 866 226 0 144
t 290 258 0 144
t 418 258 0 144
t 450 258 0 144
t 482 258 0 144
t 770 258 0 144
t 802 258 0 144
t 834 258 0 144
t 866 258 0 144
t 898 258 0 144
t 930 258 0 144
t 290 290 0 144
t 322 290 0 144
t 354 290 0 144
t 386 290 0 144
t 450 290 0 144
t 866 290 0 144
t 930 290 0 144
t 962 290 0 144
t 994 290 0 144
t 322 322 0 144
t 354 322 0 144
t 386 322 0 144
t 450 322 0 144
t 482 322 0 144
t 866 322 0 144
t 962 322 0 144
t 994 322 0 144
t 1026 322 0 144
t 354 354 0 144
t 386 354 0 144
t 418 354 0 144
t 482 354 0 144
t 866 354 0 144
t 994 354 0 144
t 1026 354 0 144
t 1058 354 0 144
t 418 386 0 144
t 450 386 0 144
t 514 386 0 144
t 546 386 0 144
t 802 386 0 144
t 834 386 0 144
t 866 386 0 144
t 962 386 0 144
t 994 386 0 144
t 1026 386 0 144
t 1058 386 0 144
t 482 418 0 144
t 514 418 0 144
t 546 418 0 144
t 578 418 0 144
t 610 418 0 144
t 642 418 0 144
t 802 418 0 144
t 834 418 0 144
t 962 418 0 144
t 994 418 0 144
t 1026 418 0 144
t 546 450 0 144
t 578 450 0 144
t 610 450 0 144
t 642 450 0 144
t 674 450 0 144
t 706 450 0 144
t 738 450 0 144
t 770 450 0 144
t 802 450 0 144
t 834 450 0 144
t 866 450 0 144
t 898 450 0 144
t 930 450 0 144
t 962 450 0 144
t 994 450 0 144
t 610 482 0 144
t 642 482 0 144
t 674 482 0 144
t 706 482 0 144
t 738 482 0 144
t 770 482 0 144
t 802 482 0 144
t 834 482 0 144
t 866 482 0 144
t 898 482 0 144
t 930 482 0 144
t 770 514 0 144
t 802 514 0 144
spritesheet_path ../../res/Tiles/tileset.png