t 258 98 0 0 0 352 0
t 290 98 0 0 0 352 0
t 322 98 0 0 0 352 0
t 354 98 0 0 0 352 0
t 386 98 0 0 0 352 0
t 418 98 0 0 0 352 0
t 450 98 0 0 -1 -1 0
t 482 98 0 0 -1 -1 0
t 514 98 0 0 -1 -1 0
t 546 98 0 0 -1 -1 0
t 578 98 0 0 -1 -1 0
t 610 98 0 0 -1 -1 0
t 642 98 0 0 0 352 0
t 674 98 0 0 0 352 0
t 706 98 0 0 0 352 0
t 738 98 0 0 0 352 0
t 770 98 0 0 0 352 0
t 802 98 0 0 0 352 0
t 258 130 0 368 0 352 0
t 290 130 0 368 0 352 0
t 322 130 0 368 0 352 0
t 354 130 0 368 0 352 0
t 386 130 0 368 0 352 0
t 418 130 0 368 0 352 1
t 450 130 0 0 -1 -1 1
t 482 130 0 0 -1 -1 1
t 514 130 16 80 -1 -1 1
t 546 130 16 80 -1 -1 1
t 578 130 16 80 -1 -1 1
t 610 130 16 80 -1 -1 1
t 642 130 0 368 0 352 1
t 674 130 0 368 0 352 0
t 706 130 0 368 0 352 0
t 738 130 0 368 0 352 0
t 770 130 0 368 0 352 0
t 802 130 0 368 0 352 0
t 258 162 0 368 0 352 0
t 290 162 0 368 0 352 0
t 322 162 0 368 0 352 0
t 354 162 0 368 0 352 0
t 386 162 0 368 0 352 0
t 418 162 0 368 0 352 1
t 450 162 0 48 -1 -1 0
t 482 162 16 48 -1 -1 0
t 514 162 16 48 -1 -1 0
t 546 162 16 48 -1 -1 0
t 578 162 16 48 -1 -1 0
t 610 162 32 48 -1 -1 0
t 642 162 0 368 0 352 1
t 674 162 0 368 0 352 0
t 706 162 0 368 0 352 0
t 738 162 0 368 0 352 0
t 770 162 0 368 0 352 0
t 802 162 0 368 0 352 0
t 258 194 0 368 0 352 0
t 290 194 0 368 0 352 0
t 322 194 0 368 0 352 0
t 354 194 0 368 0 352 0
t 386 194 0 368 0 352 0
t 418 194 0 368 0 352 1
t 450 194 0 0 -1 -1 0
t 482 194 0 0 -1 -1 0
t 514 194 0 0 -1 -1 0
t 546 194 0 0 -1 -1 0
t 578 194 0 0 -1 -1 0
t 610 194 0 0 -1 -1 0
t 642 194 0 368 0 352 1
t 674 194 0 368 0 352 0
t 706 194 0 368 0 352 0
t 738 194 0 368 0 352 0
t 770 194 0 368 0 352 0
t 802 194 0 368 0 352 0
t 258 226 0 368 0 352 0
t 290 226 0 368 0 352 0
t 322 226 0 368 0 352 0
t 354 226 0 368 0 352 0
t 386 226 0 368 0 352 0
t 418 226 0 368 0 352 1
t 450 226 0 0 -1 -1 0
t 482 226 0 0 -1 -1 0
t 514 226 0 0 -1 -1 0
t 546 226 0 0 -1 -1 0
t 578 226 0 0 -1 -1 0
t 610 226 0 0 -1 -1 0
t 642 226 0 368 0 352 1
t 674 226 0 368 0 352 0
t 706 226 0 368 0 352 0
t 738 226 0 368 0 352 0
t 770 226 0 368 0 352 0
t 802 226 0 368 0 352 0
t 258 258 0 368 0 352 0
t 290 258 0 368 0 352 0
t 322 258 0 368 0 352 0
t 354 258 0 368 0 352 0
t 386 258 0 368 0 352 0
t 418 258 0 368 0 352 1
t 450 258 0 0 -1 -1 0
t 482 258 0 0 -1 -1 0
t 514 258 0 0 -1 -1 0
t 546 258 0 0 -1 -1 0
t 578 258 16 96 -1 -1 1
t 610 258 16 96 -1 -1 1
t 642 258 0 368 0 352 1
t 674 258 0 368 0 352 0
t 706 258 0 368 0 352 0
t 738 258 0 368 0 352 0
t 770 258 0 368 0 352 0
t 802 258 0 368 0 352 0
t 258 290 0 368 0 352 0
t 290 290 0 368 0 352 0
t 322 290 0 368 0 352 0
t 354 290 0 368 0 352 0
t 386 290 0 368 0 352 0
t 418 290 0 368 0 352 1
t 450 290 0 0 -1 -1 0
t 482 290 0 0 -1 -1 0
t 514 290 0 0 -1 -1 0
t 546 290 0 0 -1 -1 0
t 578 290 0 0 -1 -1 0
t 610 290 0 0 -1 -1 0
t 642 290 0 368 0 352 1
t 674 290 0 368 0 352 0
t 706 290 0 368 0 352 0
t 738 290 0 368 0 352 0
t 770 290 0 368 0 352 0
t 802 290 0 368 0 352 0
t 258 322 0 368 0 352 0
t 290 322 0 368 0 352 0
t 322 322 0 368 0 352 0
t 354 322 0 368 0 352 0
t 386 322 0 368 0 352 0
t 418 322 0 368 0 352 1
t 450 322 0 0 -1 -1 0
t 482 322 0 0 -1 -1 0
t 514 322 0 0 -1 -1 0
t 546 322 0 0 -1 -1 0
t 578 322 0 0 -1 -1 0
t 610 322 0 0 -1 -1 0
t 642 322 0 368 0 352 1
t 674 322 0 368 0 352 0
t 706 322 0 368 0 352 0
t 738 322 0 368 0 352 0
t 770 322 0 368 0 352 0
t 802 322 0 368 0 352 0
t 258 354 0 368 0 352 0
t 290 354 0 368 0 352 0
t 322 354 0 368 0 352 0
t 354 354 0 368 0 352 0
t 386 354 0 368 0 352 0
t 418 354 0 368 0 352 1
t 450 354 16 96 -1 -1 1
t 482 354 16 96 -1 -1 1
t 514 354 16 96 -1 -1 1
t 546 354 0 0 -1 -1 0
t 578 354 0 0 -1 -1 0
t 610 354 0 0 -1 -1 0
t 642 354 0 368 0 352 1
t 674 354 0 368 0 352 0
t 706 354 0 368 0 352 0
t 738 354 0 368 0 352 0
t 770 354 0 368 0 352 0
t 802 354 0 368 0 352 0
t 258 386 0 368 -1 -1 0
t 290 386 0 368 -1 -1 0
t 322 386 0 368 -1 -1 0
t 354 386 0 368 -1 -1 0
t 386 386 0 368 -1 -1 0
t 418 386 0 368 -1 -1 1
t 450 386 0 0 -1 -1 0
t 482 386 0 0 -1 -1 0
t 514 386 0 0 -1 -1 0
t 546 386 0 0 -1 -1 0
t 578 386 0 0 -1 -1 0
t 610 386 0 0 -1 -1 0
t 642 386 0 368 0 352 1
t 674 386 0 368 0 352 0
t 706 386 0 368 0 352 0
t 738 386 0 368 0 352 0
t 770 386 0 368 0 352 0
t 802 386 0 368 0 352 0
t 258 418 0 0 -1 -1 0
t 290 418 0 0 -1 -1 0
t 322 418 96 16 -1 -1 0
t 354 418 112 16 -1 -1 0
t 386 418 112 16 -1 -1 0
t 418 418 128 16 -1 -1 1
t 450 418 0 0 -1 -1 0
t 482 418 0 0 -1 -1 0
t 514 418 0 0 -1 -1 0
t 546 418 0 0 -1 -1 0
t 578 418 0 0 -1 -1 0
t 610 418 0 0 -1 -1 0
t 642 418 48 96 0 368 1
t 674 418 0 0 0 368 0
t 706 418 0 0 0 368 0
t 738 418 0 0 0 368 0
t 770 418 0 368 -1 -1 0
t 802 418 0 368 -1 -1 0
t 258 450 48 0 -1 -1 0
t 290 450 48 0 -1 -1 0
t 322 450 96 32 -1 -1 0
t 354 450 48 0 -1 -1 0
t 386 450 48 0 -1 -1 0
t 418 450 128 32 -1 -1 1
t 450 450 0 0 -1 -1 0
t 482 450 0 0 -1 -1 0
t 514 450 0 0 -1 -1 0
t 546 450 16 96 -1 -1 1
t 578 450 16 96 -1 -1 1
t 610 450 16 96 -1 -1 1
t 642 450 96 16 -1 -1 1
t 674 450 112 16 -1 -1 0
t 706 450 112 16 -1 -1 0
t 738 450 128 16 -1 -1 0
t 770 450 0 0 -1 -1 0
t 802 450 0 0 -1 -1 0
t 258 482 48 0 -1 -1 0
t 290 482 48 0 -1 -1 0
t 322 482 96 32 -1 -1 0
t 354 482 48 0 -1 -1 0
t 386 482 48 0 -1 -1 0
t 418 482 128 32 -1 -1 1
t 450 482 0 0 -1 -1 0
t 482 482 0 0 -1 -1 0
t 514 482 0 0 -1 -1 0
t 546 482 0 0 -1 -1 0
t 578 482 0 0 -1 -1 0
t 610 482 0 0 -1 -1 0
t 642 482 96 32 -1 -1 1
t 674 482 48 0 -1 -1 0
t 706 482 48 0 -1 -1 0
t 738 482 128 32 -1 -1 0
t 770 482 48 0 -1 -1 0
t 802 482 48 0 -1 -1 0
t 258 514 48 0 -1 -1 0
t 290 514 48 0 -1 -1 0
t 322 514 96 32 -1 -1 0
t 354 514 48 0 -1 -1 0
t 386 514 48 0 -1 -1 0
t 418 514 128 32 -1 -1 1
t 450 514 0 0 -1 -1 0
t 482 514 0 0 -1 -1 0
t 514 514 0 0 -1 -1 0
t 546 514 0 0 -1 -1 0
t 578 514 0 0 -1 -1 0
t 610 514 0 0 -1 -1 0
t 642 514 96 32 -1 -1 1
t 674 514 48 0 -1 -1 0
t 706 514 48 0 -1 -1 0
t 738 514 128 32 -1 -1 0
t 770 514 48 0 -1 -1 0
t 802 514 48 0 -1 -1 0
t 258 546 48 0 -1 -1 0
t 290 546 48 0 -1 -1 0
t 322 546 96 32 -1 -1 0
t 354 546 48 0 -1 -1 0
t 386 546 48 0 -1 -1 0
t 418 546 128 32 -1 -1 1
t 450 546 0 0 -1 -1 0
t 482 546 0 0 -1 -1 0
t 514 546 0 0 -1 -1 0
t 546 546 0 0 -1 -1 0
t 578 546 0 0 -1 -1 0
t 610 546 0 0 -1 -1 0
t 642 546 96 32 -1 -1 1
t 674 546 48 0 -1 -1 0
t 706 546 48 0 -1 -1 0
t 738 546 128 32 -1 -1 0
t 770 546 48 0 -1 -1 0
t 802 546 48 0 -1 -1 0
t 258 578 48 0 -1 -1 0
t 290 578 48 0 -1 -1 0
t 322 578 96 32 -1 -1 0
t 354 578 48 0 -1 -1 0
t 386 578 48 0 -1 -1 0
t 418 578 128 32 -1 -1 1
t 450 578 0 0 -1 -1 0
t 482 578 0 0 -1 -1 0
t 514 578 0 0 -1 -1 0
t 546 578 0 0 -1 -1 0
t 578 578 0 0 -1 -1 0
t 610 578 0 0 -1 -1 0
t 642 578 96 32 -1 -1 1
t 674 578 48 0 -1 -1 0
t 706 578 48 0 -1 -1 0
t 738 578 128 32 -1 -1 0
t 770 578 48 0 -1 -1 0
t 802 578 48 0 -1 -1 0
t 258 610 48 0 -1 -1 0
t 290 610 48 0 -1 -1 0
t 322 610 96 32 -1 -1 0
t 354 610 0 0 -1 -1 0
t 386 610 0 0 -1 -1 0
t 418 610 128 32 -1 -1 1
t 450 610 0 0 -1 -1 0
t 482 610 0 0 -1 -1 0
t 514 610 0 0 -1 -1 0
t 546 610 0 0 -1 -1 0
t 578 610 0 0 -1 -1 0
t 610 610 0 0 -1 -1 0
t 642 610 96 32 -1 -1 1
t 674 610 0 0 -1 -1 0
t 706 610 0 0 -1 -1 0
t 738 610 128 32 -1 -1 0
t 770 610 48 0 -1 -1 0
t 802 610 48 0 -1 -1 0
t 258 642 48 0 -1 -1 0
t 290 642 48 0 -1 -1 0
t 322 642 96 48 -1 -1 0
t 354 642 112 48 -1 -1 0
t 386 642 112 48 -1 -1 0
t 418 642 128 48 -1 -1 1
t 450 642 0 16 -1 -1 0
t 482 642 16 16 -1 -1 0
t 514 642 16 16 -1 -1 0
t 546 642 16 16 -1 -1 0
t 578 642 16 16 -1 -1 0
t 610 642 32 16 -1 -1 0
t 642 642 96 48 -1 -1 1
t 674 642 112 48 -1 -1 0
t 706 642 112 48 -1 -1 0
t 738 642 128 48 -1 -1 0
t 770 642 48 0 -1 -1 0
t 802 642 48 0 -1 -1 0
t 258 674 0 0 -1 -1 0
t 290 674 0 0 -1 -1 0
t 322 674 0 0 -1 -1 0
t 354 674 0 0 -1 -1 0
t 386 674 0 0 -1 -1 0
t 418 674 16 80 -1 -1 1
t 450 674 16 80 -1 -1 1
t 482 674 16 80 -1 -1 1
t 514 674 16 80 -1 -1 1
t 546 674 16 80 -1 -1 1
t 578 674 16 80 -1 -1 1
t 610 674 16 80 -1 -1 1
t 642 674 16 80 -1 -1 1
t 674 674 0 0 -1 -1 0
t 706 674 0 0 -1 -1 0
t 738 674 0 0 -1 -1 0
t 770 674 0 0 -1 -1 0
t 802 674 0 0 -1 -1 0
spritesheet_path ../../res/Tiles/tileset.png