212,188,210,6,0,P|156:168|120:168,2,75,8|0|0,0:0|0:0|0:0,0:0:0:0:
300,188,730,2,0,P|356:168|392:168,2,75,8|0|0,0:0|0:0|0:0,0:0:0:0:
256,256,1330,2,0,L|256:304,2,37.5
212,188,1730,1,0,0:0:0:0:
256,120,1930,2,0,L|256:40,2,75,8|0|0,0:0|0:0|0:0,0:0:0:0:
300,196,2530,1,8,0:0:0:0:
300,196,2730,1,0,0:0:0:0:
216,196,2930,1,8,0:0:0:0:
216,196,3130,1,0,0:0:0:0:
132,196,3330,6,0,L|40:196,1,75,2|0,0:0|0:0,0:0:0:0:
24,120,3730,1,0,0:0:0:0:
56,44,3930,1,2,0:0:0:0:
124,88,4130,1,0,0:0:0:0:
196,124,4330,1,0,0:0:0:0:
256,68,4530,2,0,L|256:20,2,37.5
256,68,4930,1,0,0:0:0:0:
316,124,5130,1,2,0:0:0:0:
388,88,5330,1,0,0:0:0:0:
456,44,5530,1,0,0:0:0:0:
488,120,5730,1,2,0:0:0:0:
455,196,5930,6,0,L|380:196,2,75,2|0|0,0:0|0:0|0:0,0:0:0:0:
460,280,6530,1,2,0:0:0:0:
412,348,6730,1,0,0:0:0:0:
332,368,6930,1,0,0:0:0:0:
256,332,7130,2,0,L|256:288,2,37.5
256,332,7530,1,0,0:0:0:0:
180,368,7730,1,2,0:0:0:0:
100,348,7930,1,0,0:0:0:0:
52,280,8130,1,0,0:0:0:0:
57,196,8330,2,0,L|132:196,1,75,2|0,0:0|0:0,0:0:0:0:
218,197,8730,2,0,L|293:197,1,75,2|0,0:0|0:0,0:0:0:0:
300,116,9130,6,0,L|380:88,2,75,2|0|0,0:0|0:0|0:0,0:0:0:0:
212,116,9730,2,0,L|132:88,2,75,2|0|0,0:0|0:0|0:0,0:0:0:0:
256,48,10330,2,0,L|256:0,2,37.5
300,116,10730,1,0,0:0:0:0:
340,188,10930,1,2,0:0:0:0:
300,260,11130,1,0,0:0:0:0:
212,260,11330,1,0,0:0:0:0:
172,188,11530,1,2,0:0:0:0:
172,104,11730,6,0,B|144:104|144:104|124:112|124:112|92:112,2,75,12|0|0,0:0|0:0|0:0,0:0:0:0:
256,104,12330,1,12,0:0:0:0:
328,144,12530,1,0,0:0:0:0:
396,192,12730,1,0,0:0:0:0:
480,192,12930,2,0,L|520:192,2,37.5
396,192,13330,1,0,0:0:0:0:
356,264,13530,2,0,L|444:264,2,75,12|0|0,0:0|0:0|0:0,0:0:0:0:
336,184,14130,1,12,0:0:0:0:
264,140,14330,1,0,0:0:0:0:
216,208,14530,1,12,0:0:0:0:
256,280,14730,1,0,0:0:0:0:
340,280,14930,6,0,B|368:280|368:280|388:272|388:272|420:272,2,75,12|0|0,0:0|0:0|0:0,0:0:0:0:
256,280,15530,1,12,0:0:0:0:
184,240,15730,1,0,0:0:0:0:
116,192,15930,1,0,0:0:0:0:
32,192,16130,2,0,L|-8:192,2,37.5
116,192,16530,1,0,0:0:0:0:
156,120,16730,2,0,L|68:120,2,75,12|0|0,0:0|0:0|0:0,0:0:0:0:
216,64,17330,1,2,0:2:0:0:
256,136,17530,1,0,0:0:0:0:
296,208,17730,2,0,L|336:232,2,37.5,8|0|0,0:0|0:0|0:0,0:0:0:0:
256,280,18130,5,4,0:1:0:0:
256,192,18330,12,0,23930,0:0:0:0:
